lifeSpan,viability,meanViability,currentVariance,standardDeviation,libidoViability,temp,energy,moisture,pain,stress,libido,glucose,damage,mateCount
0,0.8642857142857142841282528220,0.8642857142857142841282528220,0,0.0,0.8642857142857142841282528220,0.5,1,0.5,0,0.200000000000000011102230246251565404236316680908203125,0,0.5,0,0
0,0.8642857142857142841282528220,0.864285714285714284128252822,0,0.0,0.8642857142857142841282528220,0.5,1,0.5,0,0.200000000000000011102230246251565404236316680908203125,0,0.5,0,0
0,0.8635724285714285698276801340,0.8640479523809523793613952593,7.53742978080120968666123449E-8,0.00027454379943464774,0.8735724285714285700358469511,0.5000070000000000000000745931,0.9949999999999999998959165915,0.4949999999999999998959165914,-0.02000000000000000041633363423,0.1700000000000000104777297949,0.01000000000000000020816681712,0.4949999999999999998959165914,0,0
0,0.8635724285714285698276801340,0.863929071428571426977966478,8.832925524376417601556134615E-8,0.00029720238095238096,0.8735724285714285700358469511,0.5000070000000000000000745931,0.9949999999999999998959165915,0.4949999999999999998959165914,-0.02000000000000000041633363423,0.1700000000000000104777297949,0.01000000000000000020816681712,0.4949999999999999998959165914,0,0
0,0.8635724285714285698276801340,0.8638577428571428555479092092,8.69442525215419537356373457E-8,0.0002948631081053409,0.8735724285714285700358469511,0.5000070000000000000000745931,0.9949999999999999998959165915,0.4949999999999999998959165914,-0.02000000000000000041633363423,0.1700000000000000104777297949,0.01000000000000000020816681712,0.4949999999999999998959165914,0,0
0,0.8657162857142857127294408224,0.8641674999999999984114978113,4.722430752305366787650997193E-7,0.0006871994435609917,0.8857162857142857131457744566,0.5000140000000000000001491862,0.9899999999999999997918331830,0.4899999999999999997918331828,-0.02000000000000000041633363423,0.1400000000000000098532293436,0.02000000000000000041633363424,0.4899999999999999997918331828,0,0
0,0.8657162857142857127294408224,0.8643887551020408147426325271,6.565422825472191093229916733E-7,0.0008102729679232913,0.8857162857142857131457744566,0.5000140000000000000001491862,0.9899999999999999997918331830,0.4899999999999999997918331828,-0.02000000000000000041633363423,0.1400000000000000098532293436,0.02000000000000000041633363424,0.4899999999999999997918331828,0,0
0,0.8657162857142857127294408224,0.864554696428571426990983564,7.431357058145947889014591756E-7,0.0008620531919867792,0.8857162857142857131457744566,0.5000140000000000000001491862,0.9899999999999999997918331830,0.4899999999999999997918331828,-0.02000000000000000041633363423,0.1400000000000000098532293436,0.02000000000000000041633363424,0.4899999999999999997918331828,0,0
0,0.8678600714285714270597389884,0.8649219603174603158875119444,0.000001619731394194591841286338253,0.001272686683435712,0.8978600714285714276842394398,0.5000204999999999999999861222,0.9849999999999999996877497745,0.4849999999999999996877497742,0,0.1300000000000000096450625265,0.03000000000000000062450045136,0.4849999999999999996877497742,0,0
0,0.8678600714285714270597389884,0.8652157714285714270047346488,0.000002156990503775132686247299469,0.0014686696373845047,0.8978600714285714276842394398,0.5000204999999999999999861222,0.9849999999999999996877497745,0.4849999999999999996877497742,0,0.1300000000000000096450625265,0.03000000000000000062450045136,0.4849999999999999996877497742,0,0
0,0.8678600714285714270597389884,0.8654561623376623361006441342,0.000002486243995918790818519028857,0.0015767827992208662,0.8978600714285714276842394398,0.5000204999999999999999861222,0.9849999999999999996877497745,0.4849999999999999996877497742,0,0.1300000000000000096450625265,0.03000000000000000062450045136,0.4849999999999999996877497742,0,0
0,0.8671466428571428556162412556,0.8655970357142857127269438942,0.000002479163854358381387865285378,0.0015745360759151824,0.9071466428571428564489085241,0.5000264999999999999995854011,0.9799999999999999995836663660,0.4799999999999999995836663656,0,0.1200000000000000094368957094,0.04000000000000000083266726848,0.4799999999999999995836663656,0,0
0,0.8671466428571428556162412556,0.8657162362637362621799667685,0.000002445848405750894782106449705,0.0015639208438251902,0.9071466428571428564489085241,0.5000264999999999999995854011,0.9799999999999999995836663660,0.4799999999999999995836663656,0,0.1200000000000000094368957094,0.04000000000000000083266726848,0.4799999999999999995836663656,0,0
0,0.8671466428571428556162412556,0.8658184081632653045682720893,0.000002397159762627258850766874982,0.0015482763844440884,0.9071466428571428564489085241,0.5000264999999999999995854011,0.9799999999999999995836663660,0.4799999999999999995836663656,0,0.1200000000000000094368957094,0.04000000000000000083266726848,0.4799999999999999995836663656,0,0
0,0.8664331428571428556014358863,0.865859390476190474637149676,0.000002259295231428676666766339705,0.0015030952170200916,0.9164331428571428566422699719,0.5000320000000000000000312250,0.9749999999999999994795829575,0.4749999999999999994795829570,0,0.1100000000000000092287288923,0.05000000000000000104083408560,0.4749999999999999994795829570,0,0
0,0.8664331428571428556014358863,0.8658952499999999984474175644,0.000002136172324824716008496944509,0.0014615650258625909,0.9164331428571428566422699719,0.5000320000000000000000312250,0.9749999999999999994795829575,0.4749999999999999994795829570,0,0.1100000000000000092287288923,0.05000000000000000104083408560,0.4749999999999999994795829570,0,0
0,0.8664331428571428556014358863,0.8659268907563025194564774659,0.00000202559108157651235369644038,0.0014232326168186677,0.9164331428571428566422699719,0.5000320000000000000000312250,0.9749999999999999994795829575,0.4749999999999999994795829570,0,0.1100000000000000092287288923,0.05000000000000000104083408560,0.4749999999999999994795829570,0,0
0,0.8657195714285714270151679946,0.8659153730158730143208491617,0.000001915188147132807284892960813,0.0013839032289624904,0.9257195714285714282641688973,0.5000370000000000000002393918,0.9699999999999999993754995490,0.4699999999999999993754995484,0,0.1000000000000000090205620752,0.06000000000000000124900090272,0.4699999999999999993754995484,0,0
0,0.8657195714285714270151679946,0.8659050676691729307784448895,0.000001816199763350938005331712083,0.0013476645589132845,0.9257195714285714282641688973,0.5000370000000000000002393918,0.9699999999999999993754995490,0.4699999999999999993754995484,0,0.1000000000000000090205620752,0.06000000000000000124900090272,0.4699999999999999993754995484,0,0
0,0.8657195714285714270151679946,0.8658957928571428555902810445,0.000001726942474777778860232095702,0.00131413183310419,0.9257195714285714282641688973,0.5000370000000000000002393918,0.9699999999999999993754995490,0.4699999999999999993754995484,0,0.1000000000000000090205620752,0.06000000000000000124900090272,0.4699999999999999993754995484,0,0
0,0.8650059285714285698574375805,0.8658534183673469372220504033,0.000001678908973797206341410768360,0.001295727198833615,0.9350059285714285713146053003,0.5000415000000000000002099015,0.9649999999999999992714161405,0.4649999999999999992714161398,0,0.09000000000000000881239525808,0.07000000000000000145716771984,0.4649999999999999992714161398,0,0
2,0.8650059285714285698574375805,0.8658148961038961023418407295,0.000001632341678105815517905436821,0.001277631276270981,0.9350059285714285713146053003,0.5000415000000000000002099015,0.9649999999999999992714161405,0.4649999999999999992714161398,0,0.09000000000000000881239525808,0.07000000000000000145716771984,0.4649999999999999992714161398,0,0
2,0.8650059285714285698574375805,0.8657797236024844704946927665,0.000001587403289931075809808622946,0.0012599219380307163,0.9350059285714285713146053003,0.5000415000000000000002099015,0.9649999999999999992714161405,0.4649999999999999992714161398,0,0.09000000000000000881239525808,0.07000000000000000145716771984,0.4649999999999999992714161398,0,0
2,0.8650059285714285698574375805,0.8657474821428571413014738004,0.000001544174056988050543178723845,0.001242648002045652,0.9350059285714285713146053003,0.5000415000000000000002099015,0.9649999999999999992714161405,0.4649999999999999992714161398,0,0.09000000000000000881239525808,0.07000000000000000145716771984,0.4649999999999999992714161398,0,0
2,0.8650059285714285698574375805,0.8657178199999999984437123516,0.000001502678670951467297807289556,0.0012258379464478442,0.9350059285714285713146053003,0.5000415000000000000002099015,0.9649999999999999992714161405,0.4649999999999999992714161398,0,0.09000000000000000881239525808,0.07000000000000000145716771984,0.4649999999999999992714161398,0,0
2,0.8650059285714285698574375805,0.8656904395604395588827017835,0.00000146290469491782633781868657,0.0012095059714271057,0.9350059285714285713146053003,0.5000415000000000000002099015,0.9649999999999999992714161405,0.4649999999999999992714161398,0,0.09000000000000000881239525808,0.07000000000000000145716771984,0.4649999999999999992714161398,0,0
2,0.9050059285714285716813754066,0.8671465687830687815789489548,0.00005449506095008658279997274522,0.007382077007867541,0.9750059285714285731385431264,0.5000415000000000000002099015,1.015000000000000002046973702,0.4749999999999999994795829569,0,0.04000000000000000603683769652,0.07000000000000000145716771984,0.6650000000000000103736463861,0,0
2,0.9050059285714285716813754066,0.8684986887755102026540356139,0.0001001480429703222719367106060,0.010007399410951991,0.9750059285714285731385431264,0.5000415000000000000002099015,1.015000000000000002046973702,0.4749999999999999994795829569,0,0.04000000000000000603683769652,0.07000000000000000145716771984,0.6650000000000000103736463861,0,0
2,0.9064351428571428576732126641,0.8698068423645320183443520638,0.0001429578482808972092852394981,0.011956498161288581,0.9864351428571428593385472011,0.5000460000000000000001804112,1.005000000000000000104083409,0.4699999999999999993754995483,0,0.03000000000000000582867087940,0.08000000000000000166533453696,0.6600000000000000102695629775,0,0
2,0.9064351428571428576732126641,0.871027785714285712988647417,0.000179981951332928531112473914,0.013415735214028657,0.9864351428571428593385472011,0.5000460000000000000001804112,1.005000000000000000104083409,0.4699999999999999993754995483,0,0.03000000000000000582867087940,0.08000000000000000166533453696,0.6600000000000000102695629775,0,0
2,0.9064351428571428576732126641,0.8721699585253456208816979087,0.0002120503676541902832957828783,0.014561949308186396,0.9864351428571428593385472011,0.5000460000000000000001804112,1.005000000000000000104083409,0.4699999999999999993754995483,0,0.03000000000000000582867087940,0.08000000000000000166533453696,0.6600000000000000102695629775,0,0
2,0.9064357857142857148160655940,0.8732407656249999988171468988,0.0002398584611252494077105643888,0.015487364563580514,0.9964357857142857166895669481,0.5000505000000000000001509209,1.005000000000000000104083409,0.4649999999999999992714161397,0,0.02000000000000000562050406228,0.09000000000000000187350135408,0.6550000000000000101654795689,0,0
2,0.9064357857142857148160655940,0.8742466753246753235443868591,0.0002639881692025001418820766907,0.0162477127375671,0.9964357857142857166895669481,0.5000505000000000000001509209,1.005000000000000000104083409,0.4649999999999999992714161397,0,0.02000000000000000562050406228,0.09000000000000000187350135408,0.6550000000000000101654795689,0,0
2,0.9064357857142857148160655940,0.8751934138655462174053185865,0.0002849322171299239683349252956,0.016879935341402346,0.9964357857142857166895669481,0.5000505000000000000001509209,1.005000000000000000104083409,0.4649999999999999992714161397,0,0.02000000000000000562050406228,0.09000000000000000187350135408,0.6550000000000000101654795689,0,0
2,0.9064365000000000005303810464,0.8760860734693877540660346569,0.0003031098220859287613416179889,0.01741004945673414,1.006436500000000002612049218,0.5000555000000000000003590877,1.005000000000000000104083409,0.4599999999999999991673327311,0,0.01000000000000000541233724516,0.1000000000000000020816681712,0.6500000000000000100613961603,0,0
2,0.9064365000000000005303810464,0.8769291408730158720233776122,0.0003188757782126755610388379778,0.01785709321845735,1.006436500000000002612049218,0.5000555000000000000003590877,1.005000000000000000104083409,0.4599999999999999991673327311,0,0.01000000000000000541233724516,0.1000000000000000020816681712,0.6500000000000000100613961603,0,0
2,0.9064372857142857148161590213,0.8777266583011583002069662989,0.0003325358957327498263975728095,0.018235566778489497,1.016437285714285717105994010,0.5000610000000000000008049116,1.005000000000000000104083409,0.4549999999999999990632493225,0,5.20417042804E-18,0.1100000000000000022898349883,0.6450000000000000099573127517,0,0
2,0.9064372857142857148161590213,0.8784822011278195479598397916,0.0003443503920091637325238315476,0.018556680522366163,1.016437285714285717105994010,0.5000610000000000000008049116,1.005000000000000000104083409,0.4549999999999999990632493225,0,5.20417042804E-18,0.1100000000000000022898349883,0.6450000000000000099573127517,0,0
2,0.9064372857142857148161590213,0.8791989981684981676228223359,0.0003545445949942365855575883008,0.01882935460907348,1.016437285714285717105994010,0.5000610000000000000008049116,1.005000000000000000104083409,0.4549999999999999990632493225,0,5.20417042804E-18,0.1100000000000000022898349883,0.6450000000000000099573127517,0,0
2,0.9035809285714285733865094563,0.879808546428571427766914514,0.0003598091339380315032837845772,0.018968635531793832,1.003580928571428575468177628,0.5000665000000000000012507355,1.005000000000000000104083409,0.4499999999999999989591659139,0,-0.00999999999999999500399638908,0.1000000000000000020816681712,0.6400000000000000098532293431,0,0
2,0.9035809285714285733865094563,0.8803883606271776996112948785,0.0003641526967163403251863782876,0.019082785350056745,1.003580928571428575468177628,0.5000665000000000000012507355,1.005000000000000000104083409,0.4499999999999999989591659139,0,-0.00999999999999999500399638908,0.1000000000000000020816681712,0.6400000000000000098532293431,0,0
2,0.9035809285714285733865094563,0.8809405646258503394630857019,0.0003676868248799569559192895776,0.01917516166502794,1.003580928571428575468177628,0.5000665000000000000012507355,1.005000000000000000104083409,0.4499999999999999989591659139,0,-0.00999999999999999500399638908,0.1000000000000000020816681712,0.6400000000000000098532293431,0,0
2,0.9035817142857142869288345129,0.8814671029900332219622891626,0.0003705093645980757372009118909,0.019248619810211736,1.013581714285714289218669501,0.5000720000000000000016965594,1.005000000000000000104083409,0.4449999999999999988550825053,0,0,0.1100000000000000022898349883,0.6350000000000000097491459345,0,0
2,0.9035817142857142869288345129,0.8819697077922077916206197386,0.0003727041250543778095106384391,0.019305546484219963,1.013581714285714289218669501,0.5000720000000000000016965594,1.005000000000000000104083409,0.4449999999999999988550825053,0,0,0.1100000000000000022898349883,0.6350000000000000097491459345,0,0
2,0.9035817142857142869288345129,0.8824499746031746026274689558,0.0003743451538756276892428049013,0.019348001288909088,1.013581714285714289218669501,0.5000720000000000000016965594,1.005000000000000000104083409,0.4449999999999999988550825053,0,0,0.1100000000000000022898349883,0.6350000000000000097491459345,0,0
2,0.9021539285714285726134457996,0.8828783214285714280619467133,0.0003742843685897611171166991220,0.019346430383658922,1.022153928571428575111447605,0.5000775000000000000021423833,1.005000000000000000104083409,0.4399999999999999987509990967,0,0,0.1200000000000000024980018054,0.6300000000000000096450625259,0,0
2,0.9021539285714285726134457996,0.8832884407294832822013403109,0.0003738933529073105735787581519,0.01933632211428302,1.022153928571428575111447605,0.5000775000000000000021423833,1.005000000000000000104083409,0.4399999999999999987509990967,0,0,0.1200000000000000024980018054,0.6300000000000000096450625259,0,0
2,0.9021539285714285726134457996,0.8836814717261904757515925085,0.0003732129010113079329216191567,0.01931871892779922,1.022153928571428575111447605,0.5000775000000000000021423833,1.005000000000000000104083409,0.4399999999999999987509990967,0,0,0.1200000000000000024980018054,0.6300000000000000096450625259,0,0
2,0.9007261428571428582980570862,0.8840293221574344019260101531,0.0003712857769392039503443568324,0.019268777255944496,1.030726142857142861004225709,0.5000830000000000000025882072,1.005000000000000000104083409,0.4349999999999999986469156881,0,0,0.1300000000000000027061686225,0.6250000000000000095409791173,0,0
2,0.9007261428571428582980570862,0.8843632585714285710534510918,0.000369214941043373382543169475,0.019214966589702242,1.030726142857142861004225709,0.5000830000000000000025882072,1.005000000000000000104083409,0.4349999999999999986469156881,0,0,0.1300000000000000027061686225,0.6250000000000000095409791173,0,0
2,0.9007261428571428582980570862,0.8846840994397759100190316016,0.0003670214550818304973234401747,0.01915780402556176,1.030726142857142861004225709,0.5000830000000000000025882072,1.005000000000000000104083409,0.4349999999999999986469156881,0,0,0.1300000000000000027061686225,0.6250000000000000095409791173,0,0
2,0.8992983571428571439826683729,0.8849651428571428568260246163,0.0003639141392487222978168337648,0.01907653373253963,1.039298357142857146897003812,0.5000885000000000000030340311,1.005000000000000000104083409,0.4299999999999999985428322795,0,0,0.1400000000000000029143354396,0.6200000000000000094368957087,0,0
2,0.8992983571428571439826683729,0.8852355808625336924327537438,0.0003607791871253582524234565615,0.018994188246023,1.039298357142857146897003812,0.5000885000000000000030340311,1.005000000000000000104083409,0.4299999999999999985428322795,0,0,0.1400000000000000029143354396,0.6200000000000000094368957087,0,0
2,0.8992983571428571439826683729,0.8854960026455026452392336443,0.0003576259612465672099278440330,0.01891100106410465,1.039298357142857146897003812,0.5000885000000000000030340311,1.005000000000000000104083409,0.4299999999999999985428322795,0,0,0.1400000000000000029143354396,0.6200000000000000094368957087,0,0
2,0.8978705714285714296672796596,0.8857209948051948049561072082,0.0003538075294443987105782859911,0.0188097721794922,1.047870571428571432789781916,0.5000940000000000000034798550,1.005000000000000000104083409,0.4249999999999999984387488709,0,0,0.1500000000000000031225022567,0.6150000000000000093328123001,0,0
3,0.8978705714285714296672796596,0.8859379515306122446830924305,0.0003500321703048410812869657477,0.018709146701676192,1.047870571428571432789781916,0.5000940000000000000034798550,1.005000000000000000104083409,0.4249999999999999984387488709,0,0,0.1500000000000000031225022567,0.6150000000000000093328123001,0,0
3,0.8978705714285714296672796596,0.8861472957393483707354465925,0.0003463023987711689287630996040,0.018609201991788067,1.047870571428571432789781916,0.5000940000000000000034798550,1.005000000000000000104083409,0.4249999999999999984387488709,0,0,0.1500000000000000031225022567,0.6150000000000000093328123001,0,0
3,0.8964427857142857153518909462,0.8863248041871921180564197710,0.0003420967289679178659075654347,0.018495857075786402,1.056442785714285718682560020,0.5000995000000000000039256789,1.005000000000000000104083409,0.4199999999999999983346654623,0,0,0.1600000000000000033306690738,0.6100000000000000092287288915,0,0
5,0.8964427857142857153518909462,0.8864962953995157383495633503,0.0003379753042325601555733338381,0.018384104662249944,1.056442785714285718682560020,0.5000995000000000000039256789,1.005000000000000000104083409,0.4199999999999999983346654623,0,0,0.1600000000000000033306690738,0.6100000000000000092287288915,0,0
5,0.8964427857142857153518909462,0.8866620702380952379662688103,0.0003339367557491206849271582937,0.018273936514859646,1.056442785714285718682560020,0.5000995000000000000039256789,1.005000000000000000104083409,0.4199999999999999983346654623,0,0,0.1600000000000000033306690738,0.6100000000000000092287288915,0,0
5,0.8964427857142857153518909462,0.8868224098360655736611150749,0.0003299796225735324763629001761,0.018165341245722097,1.056442785714285718682560020,0.5000995000000000000039256789,1.005000000000000000104083409,0.4199999999999999983346654623,0,0,0.1600000000000000033306690738,0.6100000000000000092287288915,0,0
5,0.8964427857142857153518909462,0.8869775771889400920754824277,0.0003261023733776412342988166271,0.018058304831230457,1.056442785714285718682560020,0.5000995000000000000039256789,1.005000000000000000104083409,0.4199999999999999983346654623,0,0,0.1600000000000000033306690738,0.6100000000000000092287288915,0,0
5,0.8964427857142857153518909462,0.8871278185941043083179651027,0.0003223034247914891622545932651,0.01795281105541662,1.056442785714285718682560020,0.5000995000000000000039256789,1.005000000000000000104083409,0.4199999999999999983346654623,0,0,0.1600000000000000033306690738,0.6100000000000000092287288915,0,0
5,0.9121570714285714304603597948,0.8875189006696428571014400197,0.0003267524253157803158525160630,0.018076294568184607,1.072157071428571433791028869,0.4500994999999999972283681173,1.005000000000000000104083409,0.6200000000000000094368957086,0,-0.05000000000000000277555756156,0.1600000000000000033306690738,0.6200000000000000094368957086,0,0
5,0.9121570714285714304603597948,0.8878979494505494505377310931,0.0003307793879900690657583578749,0.018187341421716068,1.072157071428571433791028869,0.4500994999999999972283681173,1.005000000000000000104083409,0.6200000000000000094368957086,0,-0.05000000000000000277555756156,0.1600000000000000033306690738,0.6200000000000000094368957086,0,0
5,0.9178721428571428593986221617,0.8883521038961038961265324729,0.0003389711048426628428550687076,0.018411167938038663,1.087872142857142862937458053,0.4501049999999999972288139412,1.005000000000000000104083409,0.6150000000000000093328123000,0,0,0.1700000000000000035388358909,0.6150000000000000093328123000,0,0
5,0.9178721428571428593986221617,0.8887927014925373134888024682,0.0003465329377566161146639779851,0.018615395181317426,1.087872142857142862937458053,0.4501049999999999972288139412,1.005000000000000000104083409,0.6150000000000000093328123000,0,0,0.1700000000000000035388358909,0.6150000000000000093328123000,0,0
5,0.9164443571428571450832334484,0.8891993434873949580710735121,0.0003523529058644058930062744243,0.018771065656067742,1.096444357142857148830236156,0.4501104999999999972292597651,1.005000000000000000104083409,0.6100000000000000092287288914,0,0,0.1800000000000000037470027080,0.6100000000000000092287288914,0,0
5,0.9164443571428571450832334484,0.8895941987577639752741482938,0.0003576946174504955040712020690,0.01891281622208854,1.096444357142857148830236156,0.4501104999999999972292597651,1.005000000000000000104083409,0.6100000000000000092287288914,0,0,0.1800000000000000037470027080,0.6100000000000000092287288914,0,0
5,0.9164443571428571450832334484,0.8899777724489795919857066531,0.0003625915529920340478845615384,0.019041836912231814,1.096444357142857148830236156,0.4501104999999999972292597651,1.005000000000000000104083409,0.6100000000000000092287288914,0,0,0.1800000000000000037470027080,0.6100000000000000092287288914,0,0
5,0.9150165714285714307678447351,0.8903304315895372235178494431,0.0003660678057689399322218886152,0.019132898519799345,1.105016571428571434723014260,0.4501159999999999972297055890,1.005000000000000000104083409,0.6050000000000000091246454828,0,0,0.1900000000000000039551695251,0.6050000000000000091246454828,0,0
5,0.9150165714285714307678447351,0.8906732946428571430629882667,0.0003692140185313976573692567872,0.019214942584650042,1.105016571428571434723014260,0.4501159999999999972297055890,1.005000000000000000104083409,0.6050000000000000091246454828,0,0,0.1900000000000000039551695251,0.6050000000000000091246454828,0,0
5,0.9150165714285714307678447351,0.8910067641878669278260684923,0.0003720531531232385987376863845,0.019288679403298675,1.105016571428571434723014260,0.4501159999999999972297055890,1.005000000000000000104083409,0.6050000000000000091246454828,0,0,0.1900000000000000039551695251,0.6050000000000000091246454828,0,0
5,0.9135887142857142878809934993,0.8913119256756756759349188303,0.0003737315606590914018955697270,0.019332138026071803,1.113588714285714292044329842,0.4501209999999999972299137558,1.005000000000000000104083409,0.6000000000000000090205620742,0,0,0.2000000000000000041633363422,0.6000000000000000090205620742,0,0
5,0.9135887142857142878809934993,0.8916089495238095240941998259,0.000375189940636819121570532952,0.01936982035633834,1.113588714285714292044329842,0.4501209999999999972299137558,1.005000000000000000104083409,0.6000000000000000090205620742,0,0,0.2000000000000000041633363422,0.6000000000000000090205620742,0,0
5,0.9135887142857142878809934993,0.8918981569548872183545523742,0.0003764437608563596058506446025,0.019402158664858907,1.113588714285714292044329842,0.4501209999999999972299137558,1.005000000000000000104083409,0.6000000000000000090205620742,0,0,0.2000000000000000041633363422,0.6000000000000000090205620742,0,0
5,0.9121607857142857164226797411,0.8921613079777365494982942881,0.0003767494147378968290090971468,0.0194100338675103,1.122160785714285720794182900,0.4501254999999999972298842655,1.005000000000000000104083409,0.5950000000000000089164786656,0,0,0.2100000000000000043715031593,0.5950000000000000089164786656,0,0
5,0.9121607857142857164226797411,0.8924177115384615388178376913,0.0003769165886247455303012525696,0.01941433976793302,1.122160785714285720794182900,0.4501254999999999972298842655,1.005000000000000000104083409,0.5950000000000000089164786656,0,0,0.2100000000000000043715031593,0.5950000000000000089164786656,0,0
5,0.9121607857142857164226797411,0.8926676238698010853697977172,0.0003769554084990559851510234194,0.019415339515420686,1.122160785714285720794182900,0.4501254999999999972298842655,1.005000000000000000104083409,0.5950000000000000089164786656,0,0,0.2100000000000000043715031593,0.5950000000000000089164786656,0,0
5,0.9107327857142857163929809035,0.892893438392857143257587507,0.0003762214948034997954250187415,0.019396429949954705,1.130732785714285720972650880,0.4501294999999999972301592192,1.005000000000000000104083409,0.5900000000000000088123952570,0,0,0.2200000000000000045796699764,0.5900000000000000088123952570,0,0
5,0.9107327857142857163929809035,0.8931136772486772490987652032,0.0003754092909555908591695710189,0.019375481696091865,1.130732785714285720972650880,0.4501294999999999972301592192,1.005000000000000000104083409,0.5900000000000000088123952570,0,0,0.2200000000000000045796699764,0.5900000000000000088123952570,0,0
5,0.9107327857142857163929809035,0.8933285444250871084560117361,0.0003745251241738476245752455580,0.019352651605757998,1.130732785714285720972650880,0.4501294999999999972301592192,1.005000000000000000104083409,0.5900000000000000088123952570,0,0,0.2200000000000000045796699764,0.5900000000000000088123952570,0,0
5,0.9093047142857142877918195434,0.8935210283993115323034311072,0.0003730142761736883705108610743,0.019313577508418486,1.139304714285714292579656337,0.4501329999999999972301965158,1.005000000000000000104083409,0.5850000000000000087083118484,0,0,0.2300000000000000047878367935,0.5850000000000000087083118484,0,0
5,0.9093047142857142877918195434,0.89370892942176870796400716,0.0003714692074754596285750246705,0.019273536454824776,1.139304714285714292579656337,0.4501329999999999972301965158,1.005000000000000000104083409,0.5850000000000000087083118484,0,0,0.2300000000000000047878367935,0.5850000000000000087083118484,0,0
5,0.9093047142857142877918195434,0.893892409243697479491393188,0.0003698935597017268886043869381,0.01923261707885141,1.139304714285714292579656337,0.4501329999999999972301965158,1.005000000000000000104083409,0.5850000000000000087083118484,0,0,0.2300000000000000047878367935,0.5850000000000000087083118484,0,0
5,0.9093047142857142877918195434,0.89407162209302325633209582,0.0003682906938650908138151680801,0.019190901330190066,1.139304714285714292579656337,0.4501329999999999972301965158,1.005000000000000000104083409,0.5850000000000000087083118484,0,0,0.2300000000000000047878367935,0.5850000000000000087083118484,0,0
5,0.9093047142857142877918195434,0.8942467151067323486477248283,0.0003666637127778394338096398572,0.01914846502406497,1.139304714285714292579656337,0.4501329999999999972301965158,1.005000000000000000104083409,0.5850000000000000087083118484,0,0,0.2300000000000000047878367935,0.5850000000000000087083118484,0,0
5,0.9093047142857142877918195434,0.8944178287337662343198168136,0.0003650154815126003459330503640,0.019105378339949207,1.139304714285714292579656337,0.4501329999999999972301965158,1.005000000000000000104083409,0.5850000000000000087083118484,0,0,0.2300000000000000047878367935,0.5850000000000000087083118484,0,0
5,0.8821618571428571433783819108,0.89428012118780096363508159,0.0003625642100738405460922117749,0.01904111892914491,0.8821618571428571433783819108,0.4501329999999999972301965158,0.9549999999999999973285258474,0.5350000000000000059327542868,0,-0.1000000000000000055511151231,0,0.5850000000000000087083118484,0,1
5,0.8821618571428571433783819108,0.8941454738095238100766738158,0.0003601313529442824412675103172,0.018977127099334145,0.8821618571428571433783819108,0.4501329999999999972301965158,0.9549999999999999973285258474,0.5350000000000000059327542868,0,-0.1000000000000000055511151231,0,0.5850000000000000087083118484,0,1
5,0.8943052142857142869839393670,0.8941472291993720570756547559,0.0003561741398271750140210442846,0.018872576396114418,0.9043052142857142871921061841,0.4501364999999999972302338124,0.9499999999999999972244424389,0.5300000000000000058286708782,0,0,0.01000000000000000020816681712,0.5800000000000000086042284398,0,1
5,0.8943052142857142869839393670,0.8941489464285714291398752409,0.0003523029472164793727885037542,0.018769734873366736,0.9043052142857142871921061841,0.4501364999999999972302338124,0.9499999999999999972244424389,0.5300000000000000058286708782,0,0,0.01000000000000000020816681712,0.5800000000000000086042284398,0,1
5,0.8943052142857142869839393670,0.8941506267281105996543275433,0.0003485150004433233136547383110,0.018668556463833065,0.9043052142857142871921061841,0.4501364999999999972302338124,0.9499999999999999972244424389,0.5300000000000000058286708782,0,0,0.01000000000000000020816681712,0.5800000000000000086042284398,0,1
5,0.8921628571428571440821946629,0.8941294802431610948078154914,0.0003448485388047629499247584114,0.01857009797509865,0.9121628571428571444985282971,0.4501399999999999972302711090,0.9449999999999999971203590304,0.5250000000000000057245874696,0,0,0.02000000000000000041633363424,0.5750000000000000085001450312,0,1
5,0.8921628571428571440821946629,0.8941087789473684216422826405,0.0003412584132559683128383967822,0.01847318091872562,0.9121628571428571444985282971,0.4501399999999999972302711090,0.9449999999999999971203590304,0.5250000000000000057245874696,0,0,0.02000000000000000041633363424,0.5750000000000000085001450312,0,1
5,0.8921628571428571440821946629,0.8940885089285714291676983907,0.0003377422645220501493184687790,0.018377765493172726,0.9121628571428571444985282971,0.4501399999999999972302711090,0.9449999999999999971203590304,0.5250000000000000057245874696,0,0,0.02000000000000000041633363424,0.5750000000000000085001450312,0,1
5,0.8900205714285714297519124812,0.8940465714285714291737212164,0.0003344274852589362302053340899,0.01828735861897328,0.9200205714285714303764129326,0.4501439999999999972305460627,0.9399999999999999970162756219,0.5200000000000000056205040610,0,0,0.03000000000000000062450045136,0.5700000000000000083960616226,0,1
5,0.8900205714285714297519124812,0.8940054897959183679551313313,0.0003311769963725636052800302921,0.018198269048801417,0.9200205714285714303764129326,0.4501439999999999972305460627,0.9399999999999999970162756219,0.5200000000000000056205040610,0,0,0.03000000000000000062450045136,0.5700000000000000083960616226,0,1
5,0.8900205714285714297519124812,0.8939652380952380958520685146,0.0003279889498951751962028756416,0.018110465203720616,0.9200205714285714303764129326,0.4501439999999999972305460627,0.9399999999999999970162756219,0.5200000000000000056205040610,0,0,0.03000000000000000062450045136,0.5700000000000000083960616226,0,1
5,0.8878783571428571439930153789,0.8939043692857142863334779833,0.0003250721886196820615255152312,0.018029758418228518,0.9278783571428571448256826474,0.4501484999999999972305165724,0.9349999999999999969121922134,0.5150000000000000055164206524,0,0,0.04000000000000000083266726848,0.5650000000000000082919782140,0,1
5,0.8878783571428571439930153789,0.8938447057991513443301070664,0.0003222061007748185124995961698,0.017950100299853996,0.9278783571428571448256826474,0.4501484999999999972305165724,0.9349999999999999969121922134,0.5150000000000000055164206524,0,0,0.04000000000000000083266726848,0.5650000000000000082919782140,0,1
5,0.8878783571428571439930153789,0.8937862121848739502091551872,0.0003193894012691583643294189260,0.017871468917499713,0.9278783571428571448256826474,0.4501484999999999972305165724,0.9349999999999999969121922134,0.5150000000000000055164206524,0,0,0.04000000000000000083266726848,0.5650000000000000082919782140,0,1
5,0.8857362142857142868055807990,0.8937080568654646330887321349,0.0003169055262482570273567022708,0.017801840529795145,0.9357362142857142878464148846,0.4501534999999999972307247392,0.9299999999999999968081088049,0.5100000000000000054123372438,0,0,0.05000000000000000104083408560,0.5600000000000000081878948054,0,1
6,0.8857362142857142868055807990,0.8936314045329670336052402951,0.0003144577233904883529508140577,0.01773295585598995,0.9357362142857142878464148846,0.4501534999999999972307247392,0.9299999999999999968081088049,0.5100000000000000054123372438,0,0,0.05000000000000000104083408560,0.5600000000000000081878948054,0,1
6,0.8857362142857142868055807990,0.8935562122448979598261959190,0.0003120452914351659573129367899,0.017664803747428556,0.9357362142857142878464148846,0.4501534999999999972307247392,0.9299999999999999968081088049,0.5100000000000000054123372438,0,0,0.05000000000000000104083408560,0.5600000000000000081878948054,0,1
6,0.8857362142857142868055807990,0.8934824386792452836656240783,0.0003096675433306354733770508699,0.017597373194049033,0.9357362142857142878464148846,0.4501534999999999972307247392,0.9299999999999999968081088049,0.5100000000000000054123372438,0,0,0.05000000000000000104083408560,0.5600000000000000081878948054,0,1
6,0.8857362142857142868055807990,0.89341004405874499397534330,0.0003073238061348860999316217686,0.017530653328809116,0.9357362142857142878464148846,0.4501534999999999972307247392,0.9299999999999999968081088049,0.5100000000000000054123372438,0,0,0.05000000000000000104083408560,0.5600000000000000081878948054,0,1
6,0.8835941428571428581896087416,0.8933191560846560853106605726,0.0003053539179510011104379088983,0.017474378900292884,0.9435941428571428594386096443,0.4501589999999999972311705631,0.9249999999999999967040253964,0.5050000000000000053082538352,0,0,0.06000000000000000124900090272,0.5550000000000000080838113968,0,1
6,0.8835941428571428581896087416,0.8932299357798165144196417484,0.0003034043270087776848554590948,0.01741850530352067,0.9435941428571428594386096443,0.4501589999999999972311705631,0.9249999999999999967040253964,0.5050000000000000053082538352,0,0,0.06000000000000000124900090272,0.5550000000000000080838113968,0,1
6,0.8835941428571428581896087416,0.8931423376623376629993687211,0.000301474906072679242780137798,0.017363032744099727,0.9435941428571428594386096443,0.4501589999999999972311705631,0.9249999999999999967040253964,0.5050000000000000053082538352,0,0,0.06000000000000000124900090272,0.5550000000000000080838113968,0,1
6,0.8814520714285714295736366842,0.8930370199485199491847224865,0.0002999680243261673342423823361,0.01731958499289655,0.9514520714285714310308044040,0.4501644999999999972316163870,0.9199999999999999965999419879,0.5000000000000000052041704266,0,0,0.07000000000000000145716771984,0.5500000000000000079797279882,0,1
7,0.8814520714285714295736366842,0.8929335829081632659739092205,0.0002984667482683979751892198921,0.017276190212787017,0.9514520714285714310308044040,0.4501644999999999972316163870,0.9199999999999999965999419879,0.5000000000000000052041704266,0,0,0.07000000000000000145716771984,0.5500000000000000079797279882,0,1
7,0.8793100000000000009576646268,0.8928130202275600512392521885,0.0002974390031975793725069271625,0.01724642001105097,0.9593100000000000026229991638,0.4501699999999999972320622109,0.9149999999999999964958585794,0.4950000000000000051000870180,0,0,0.08000000000000000166533453696,0.5450000000000000078756445796,0,1
9,0.8793100000000000009576646268,0.8926945726817042613245014202,0.0002964013521684060795541825869,0.01721631064335231,0.9593100000000000026229991638,0.4501699999999999972320622109,0.9149999999999999964958585794,0.4950000000000000051000870180,0,0,0.08000000000000000166533453696,0.5450000000000000078756445796,0,1
9,0.8793100000000000009576646268,0.8925781850931677025387028391,0.0002953547728944769624266178305,0.01718588877231774,0.9593100000000000026229991638,0.4501699999999999972320622109,0.9149999999999999964958585794,0.4950000000000000051000870180,0,0,0.08000000000000000166533453696,0.5450000000000000078756445796,0,1
9,0.8771679285714285723416925694,0.8924453380541871927956251647,0.0002948206734773166698104993446,0.01717034284681924,0.9671679285714285742151939235,0.4501754999999999972325080348,0.9099999999999999963917751709,0.4900000000000000049960036094,0,0,0.09000000000000000187350135408,0.5400000000000000077715611710,0,1
10,0.8771679285714285723416925694,0.8923147619047619054413180487,0.0002942617494307394142625284950,0.017154059269768755,0.9671679285714285742151939235,0.4501754999999999972325080348,0.9099999999999999963917751709,0.4900000000000000049960036094,0,0,0.09000000000000000187350135408,0.5400000000000000077715611710,0,1
10,0.8771679285714285723416925694,0.8921863989104116229574229178,0.0002936794841925375011524321869,0.017137079219999466,0.9671679285714285742151939235,0.4501754999999999972325080348,0.9099999999999999963917751709,0.4900000000000000049960036094,0,0,0.09000000000000000187350135408,0.5400000000000000077715611710,0,1
10,0.8750259285714285722970281485,0.8920421932773109250527137176,0.0002936448100778158199085768090,0.01713606752081165,0.9750259285714285743786963197,0.4501814999999999972321073137,0.9049999999999999962876917624,0.4850000000000000048919202008,0,0,0.1000000000000000020816681712,0.5350000000000000076674777624,0,1
12,0.8750259285714285722970281485,0.8919003910714285721130830042,0.0002935706656993665734409390782,0.017133903983020525,0.9750259285714285743786963197,0.4501814999999999972321073137,0.9049999999999999962876917624,0.4850000000000000048919202008,0,0,0.1000000000000000020816681712,0.5350000000000000076674777624,0,1
12,0.8750259285714285722970281485,0.8917609327036599770732808975,0.0002934590103076842231909938141,0.017130645355843552,0.9750259285714285743786963197,0.4501814999999999972321073137,0.9049999999999999962876917624,0.4850000000000000048919202008,0,0,0.1000000000000000020816681712,0.5350000000000000076674777624,0,1
12,0.8750259285714285722970281485,0.8916237605386416868701968582,0.0002933117071577182997946692071,0.01712634541160835,0.9750259285714285743786963197,0.4501814999999999972321073137,0.9049999999999999962876917624,0.4850000000000000048919202008,0,0,0.1000000000000000020816681712,0.5350000000000000076674777624,0,1
12,0.8750259285714285722970281485,0.8914888188153310111419597138,0.0002931305286863773225797537706,0.01712105512771854,0.9750259285714285743786963197,0.4501814999999999972321073137,0.9049999999999999962876917624,0.4850000000000000048919202008,0,0,0.1000000000000000020816681712,0.5350000000000000076674777624,0,1
12,0.8750259285714285722970281485,0.8913560535714285721190167169,0.0002929171613785486747701275477,0.01711482285559943,0.9750259285714285743786963197,0.4501814999999999972321073137,0.9049999999999999962876917624,0.4850000000000000048919202008,0,0,0.1000000000000000020816681712,0.5350000000000000076674777624,0,1
12,0.8907402142857142874054969971,0.8913511268571428578413085592,0.0002905768098008797211173647364,0.017046313671902198,0.9907402142857142894871651683,0.4001814999999999944565497521,0.9049999999999999962876917624,0.6850000000000000159941504471,0,-0.05000000000000000277555756156,0.1000000000000000020816681712,0.5450000000000000078756445795,0,1
12,0.8907402142857142874054969971,0.8913462783446712025203894198,0.0002882735598313771783392928112,0.016978620669282213,0.9907402142857142894871651683,0.4001814999999999944565497521,0.9049999999999999962876917624,0.6850000000000000159941504471,0,-0.05000000000000000277555756156,0.1000000000000000020816681712,0.5450000000000000078756445795,0,1
12,0.8940267857142857162930836305,0.8913673847019122616839539409,0.0002860593775787254915435113764,0.016913289969096062,1.004026785714285718582918619,0.4001874999999999944561490310,0.8999999999999999961836083539,0.6800000000000000158900670385,0.01200000000000000024980018054,0,0.1100000000000000022898349883,0.5400000000000000077715611709,0,1
14,0.8940267857142857162930836305,0.8913881612723214292980877664,0.0002838789319644052247732354977,0.016848707130352917,1.004026785714285718582918619,0.4001874999999999944561490310,0.8999999999999999961836083539,0.6800000000000000158900670385,0.01200000000000000024980018054,0,0.1100000000000000022898349883,0.5400000000000000077715611709,0,1
14,0.8940267857142857162930836305,0.8914086157253599121430102147,0.0002817314581824401590418602864,0.016784858003046677,1.004026785714285718582918619,0.4001874999999999944561490310,0.8999999999999999961836083539,0.6800000000000000158900670385,0.01200000000000000024980018054,0,0.1100000000000000022898349883,0.5400000000000000077715611709,0,1
14,0.8915990714285714305281858719,0.8914100807692307699767423354,0.0002795645678692622964154255248,0.016720184444833804,1.011599071428571433026187677,0.4001934999999999944557483099,0.8949999999999999960795249454,0.6750000000000000157859836299,0.01400000000000000029143354396,0,0.1200000000000000024980018054,0.5350000000000000076674777623,0,1
15,0.8915990714285714305281858719,0.8914115234460196299809518282,0.0002774307557041973876678459785,0.01665625275097005,1.011599071428571433026187677,0.4001934999999999944557483099,0.8949999999999999960795249454,0.6750000000000000157859836299,0.01400000000000000029143354396,0,0.1200000000000000024980018054,0.5350000000000000076674777623,0,1
15,0.8891712857142857161919804769,0.8913945519480519488158838636,0.0002753664538636065369167886748,0.01659416927307922,1.019171285714285718898149099,0.4001989999999999944561941338,0.8899999999999999959754415369,0.6700000000000000156819002213,0.01600000000000000033306690738,0,0.1300000000000000027061686225,0.5300000000000000075633943537,0,1
17,0.8891712857142857161919804769,0.8913778356605800222548018835,0.0002733326373884327389322273968,0.016532774642764377,1.019171285714285718898149099,0.4001989999999999944561941338,0.8899999999999999959754415369,0.6700000000000000156819002213,0.01600000000000000033306690738,0,0.1300000000000000027061686225,0.5300000000000000075633943537,0,1
17,0.8891712857142857161919804769,0.8913613688699360348961241119,0.0002713286360961956532544053693,0.016472056219434043,1.019171285714285718898149099,0.4001989999999999944561941338,0.8899999999999999959754415369,0.6700000000000000156819002213,0.01600000000000000033306690738,0,0.1300000000000000027061686225,0.5300000000000000075633943537,0,1
17,0.8867435000000000018557750819,0.8913271624338624346513807859,0.0002694744236903542164236479507,0.016415676156965153,1.026743500000000004770110522,0.4002044999999999944566399577,0.8849999999999999958713581284,0.6650000000000000155778168127,0.01800000000000000037470027080,0,0.1400000000000000029143354396,0.5250000000000000074593109451,0,1
19,0.8867435000000000018557750819,0.8912934590336134461749425088,0.0002676452156279807338626788705,0.01635986600275139,1.026743500000000004770110522,0.4002044999999999944566399577,0.8849999999999999958713581284,0.6650000000000000155778168127,0.01800000000000000037470027080,0,0.1400000000000000029143354396,0.5250000000000000074593109451,0,1
19,0.8867435000000000018557750819,0.8912602476538060487711529657,0.0002658405133925076075529960437,0.01630461632153629,1.026743500000000004770110522,0.4002044999999999944566399577,0.8849999999999999958713581284,0.6650000000000000155778168127,0.01800000000000000037470027080,0,0.1400000000000000029143354396,0.5250000000000000074593109451,0,1
19,0.8843157142857142875195696868,0.8912099249482401664432429420,0.0002642585541698030996606503842,0.016256031316708365,1.034315714285714290642071944,0.4002099999999999944570857816,0.8799999999999999957672747199,0.6600000000000000154737334041,0.02000000000000000041633363422,0,0.1500000000000000031225022567,0.5200000000000000073552275365,0,1
20,0.8843157142857142875195696868,0.8911603263103802680337201129,0.0002626944545985685603324892372,0.016207851634271846,1.034315714285714290642071944,0.4002099999999999944570857816,0.8799999999999999957672747199,0.6600000000000000154737334041,0.02000000000000000041633363422,0,0.1500000000000000031225022567,0.5200000000000000073552275365,0,1
20,0.8843157142857142875195696868,0.8911114362244897967443333243,0.0002611479358990727475154592902,0.016160072273943355,1.034315714285714290642071944,0.4002099999999999944570857816,0.8799999999999999957672747199,0.6600000000000000154737334041,0.02000000000000000041633363422,0,0.1500000000000000031225022567,0.5200000000000000073552275365,0,1
20,0.8818879285714285731833642918,0.8910460212765957455134044660,0.0002598906502685575945289486959,0.01612112434877163,1.041887928571428576514033366,0.4002154999999999944575316055,0.8749999999999999956631913114,0.6550000000000000153696499955,0.02200000000000000045796699764,0,0.1600000000000000033306690738,0.5150000000000000072511441279,0,1
21,0.8818879285714285731833642918,0.8909815276659959766941788310,0.0002586427833264742107712805570,0.0160823749280532,1.041887928571428576514033366,0.4002154999999999944575316055,0.8749999999999999956631913114,0.6550000000000000153696499955,0.02200000000000000045796699764,0,0.1600000000000000033306690738,0.5150000000000000072511441279,0,1
21,0.8818879285714285731833642918,0.8909179360639360647815157923,0.0002574043095641544011570137541,0.016043824655117445,1.041887928571428576514033366,0.4002154999999999944575316055,0.8749999999999999956631913114,0.6550000000000000153696499955,0.02200000000000000045796699764,0,0.1600000000000000033306690738,0.5150000000000000072511441279,0,1
21,0.8794601428571428588471588968,0.8908383680555555564069716472,0.0002565158352523602294180942101,0.016016111739506574,1.049460142857142862385994788,0.4002209999999999944579774294,0.8699999999999999955591079029,0.6500000000000000152655665869,0.02400000000000000049960036106,0,0.1700000000000000035388358909,0.5100000000000000071470607193,0,1
23,0.8794601428571428588471588968,0.8907598975369458136651798352,0.0002556273429804386332011801819,0.015988350226975846,1.049460142857142862385994788,0.4002209999999999944579774294,0.8699999999999999955591079029,0.6500000000000000152655665869,0.02400000000000000049960036106,0,0.1700000000000000035388358909,0.5100000000000000071470607193,0,1
23,0.8794601428571428588471588968,0.8906825019569471632897139384,0.0002547390827118394677570638402,0.01596054769460746,1.049460142857142862385994788,0.4002209999999999944579774294,0.8699999999999999955591079029,0.6500000000000000152655665869,0.02400000000000000049960036106,0,0.1700000000000000035388358909,0.5100000000000000071470607193,0,1
23,0.8770323571428571445109535017,0.8905896438289601563592461803,0.0002542565040695084916833064520,0.015945422668261523,1.057032357142857148257956210,0.4002264999999999944584232533,0.8649999999999999954550244944,0.6450000000000000151614831783,0.02600000000000000054123372448,0,0.1800000000000000037470027080,0.5050000000000000070429773107,0,1
24,0.8770323571428571445109535017,0.8904980405405405414143252838,0.0002537637211323269902008520589,0.0159299629984607,1.057032357142857148257956210,0.4002264999999999944584232533,0.8649999999999999954550244944,0.6450000000000000151614831783,0.02600000000000000054123372448,0,0.1800000000000000037470027080,0.5050000000000000070429773107,0,1
24,0.8770323571428571445109535017,0.8904076668264621293545711107,0.0002532612727296424954999280834,0.015914184639171512,1.057032357142857148257956210,0.4002264999999999944584232533,0.8649999999999999954550244944,0.6450000000000000151614831783,0.02600000000000000054123372448,0,0.1800000000000000037470027080,0.5050000000000000070429773107,0,1
24,0.8746045714285714301747481067,0.890302312857142858026705624,0.0002532156581511667970800212273,0.015912751432457142,1.064604571428571434129917632,0.4002319999999999944588690772,0.8599999999999999953509410859,0.6400000000000000150573997697,0.02800000000000000058286708790,0,0.1900000000000000039551695251,0.5000000000000000069388939021,0,1
25,0.8746045714285714301747481067,0.8901983543046357624780171636,0.0002531491045500718990815719838,0.015910660091588653,1.064604571428571434129917632,0.4002319999999999944588690772,0.8599999999999999953509410859,0.6400000000000000150573997697,0.02800000000000000058286708790,0,0.1900000000000000039551695251,0.5000000000000000069388939021,0,1
25,0.8746045714285714301747481067,0.8900957636278195497654956566,0.0002530624462027296220622081984,0.01590793657903908,1.064604571428571434129917632,0.4002319999999999944588690772,0.8599999999999999953509410859,0.6400000000000000150573997697,0.02800000000000000058286708790,0,0.1900000000000000039551695251,0.5000000000000000069388939021,0,1
25,0.8721767857142857158385427117,0.8899786461251167142496332190,0.0002534797258621020559280174296,0.01592104663211882,1.072176785714285720001879054,0.4002374999999999944593149011,0.8549999999999999952468576774,0.6350000000000000149533163611,0.03000000000000000062450045132,0,0.2000000000000000041633363422,0.4950000000000000068348104935,0,1
25,0.8721767857142857158385427117,0.8898630496289424869872235403,0.0002538649479750682130656911572,0.0159331399283088,1.072176785714285720001879054,0.4002374999999999944593149011,0.8549999999999999952468576774,0.6350000000000000149533163611,0.03000000000000000062450045132,0,0.2000000000000000041633363422,0.4950000000000000068348104935,0,1
25,0.8721767857142857158385427117,0.8897489447004608303991675348,0.0002542192436102962557555651273,0.015944254250679028,1.072176785714285720001879054,0.4002374999999999944593149011,0.8549999999999999952468576774,0.6350000000000000149533163611,0.03000000000000000062450045132,0,0.2000000000000000041633363422,0.4950000000000000068348104935,0,1
25,0.8721767857142857158385427117,0.8896363026556776565878814782,0.0002545437018680940502044849051,0.015954425776821116,1.072176785714285720001879054,0.4002374999999999944593149011,0.8549999999999999952468576774,0.6350000000000000149533163611,0.03000000000000000062450045132,0,0.2000000000000000041633363422,0.4950000000000000068348104935,0,1
25,0.8721767857142857158385427117,0.8895250955414012747996691293,0.0002548393716259889560964998296,0.015963689160904786,1.072176785714285720001879054,0.4002374999999999944593149011,0.8549999999999999952468576774,0.6350000000000000149533163611,0.03000000000000000062450045132,0,0.2000000000000000041633363422,0.4950000000000000068348104935,0,1
25,0.8721767857142857158385427117,0.8894152961121157332872569367,0.0002551072632026351881873345908,0.015972077610712863,1.072176785714285720001879054,0.4002374999999999944593149011,0.8549999999999999952468576774,0.6350000000000000149533163611,0.03000000000000000062450045132,0,0.2000000000000000041633363422,0.4950000000000000068348104935,0,1
25,0.9021767857142857174543137207,0.8894955570530098841310749038,0.0002545142210463894553296136564,0.015953501842742537,1.102176785714285721617650063,0.4002374999999999944593149011,0.9049999999999999980224152390,0.6450000000000000151614831782,0.03000000000000000062450045132,-0.05000000000000000277555756156,0.2000000000000000041633363422,0.6950000000000000179370407398,0,1
25,0.9021767857142857174543137207,0.8895748147321428580893451462,0.0002539160676188168378804767102,0.015934744039952972,1.102176785714285721617650063,0.4002374999999999944593149011,0.9049999999999999980224152390,0.6450000000000000151614831782,0.03000000000000000062450045132,-0.05000000000000000277555756156,0.2000000000000000041633363422,0.6950000000000000179370407398,0,1
25,0.9021767857142857174543137207,0.8896530878438331864083822180,0.0002533131293624911262234072104,0.015915813814018156,1.102176785714285721617650063,0.4002374999999999944593149011,0.9049999999999999980224152390,0.6450000000000000151614831782,0.03000000000000000062450045132,-0.05000000000000000277555756156,0.2000000000000000041633363422,0.6950000000000000179370407398,0,1
25,0.9021767857142857174543137207,0.8897303946208112884518756222,0.0002527057190037826599656678938,0.015896720385154373,1.102176785714285721617650063,0.4002374999999999944593149011,0.9049999999999999980224152390,0.6450000000000000151614831782,0.03000000000000000062450045132,-0.05000000000000000277555756156,0.2000000000000000041633363422,0.6950000000000000179370407398,0,1
26,0.9021767857142857174543137207,0.8898067528483786162371666534,0.0002520941361454994648245398962,0.015877472599425246,1.102176785714285721617650063,0.4002374999999999944593149011,0.9049999999999999980224152390,0.6450000000000000151614831782,0.03000000000000000062450045132,-0.05000000000000000277555756156,0.2000000000000000041633363422,0.6950000000000000179370407398,0,1
26,0.9021767857142857174543137207,0.8898821798780487814884907207,0.0002514786678316149030116609190,0.01585807894518169,1.102176785714285721617650063,0.4002374999999999944593149011,0.9049999999999999980224152390,0.6450000000000000151614831782,0.03000000000000000062450045132,-0.05000000000000000277555756156,0.2000000000000000041633363422,0.6950000000000000179370407398,0,1
27,0.9021767857142857174543137207,0.8899566926406926417064654055,0.0002508595890855280094479868693,0.01583854756868596,1.102176785714285721617650063,0.4002374999999999944593149011,0.9049999999999999980224152390,0.6450000000000000151614831782,0.03000000000000000062450045132,-0.05000000000000000277555756156,0.2000000000000000041633363422,0.6950000000000000179370407398,0,1
27,0.9068918571428571463717594059,0.8900587117039586929393888633,0.0002510553432799953576226226984,0.015844726039916098,1.116891857142857150743262565,0.4002429999999999944597607250,0.8999999999999999979183318305,0.6400000000000000150573997696,0.03200000000000000066613381474,0,0.2100000000000000043715031593,0.6900000000000000178329573312,0,1
27,0.9068918571428571463717594059,0.8901595089820359291874868904,0.0002512284937691866259559310631,0.01585018907676456,1.116891857142857150743262565,0.4002429999999999944597607250,0.8999999999999999979183318305,0.6400000000000000150573997696,0.03200000000000000066613381474,0,0.2100000000000000043715031593,0.6900000000000000178329573312,0,1
27,0.9044640714285714320355540109,0.8902446551870748309901539565,0.0002509366086768041896348943594,0.015840978779002396,1.124464071428571436615223987,0.4002484999999999944602065489,0.8949999999999999978142484220,0.6350000000000000149533163610,0.03400000000000000070776717816,0,0.2200000000000000045796699764,0.6850000000000000177288739226,0,1
27,0.9044640714285714320355540109,0.8903287937447168227123160870,0.0002506340611414365798067507708,0.01583142637734947,1.124464071428571436615223987,0.4002484999999999944602065489,0.8949999999999999978142484220,0.6350000000000000149533163610,0.03400000000000000070776717816,0,0.2200000000000000045796699764,0.6850000000000000177288739226,0,1
27,0.9044640714285714320355540109,0.8904119424369747910024527806,0.0002503212862476426636408185896,0.01582154500191567,1.124464071428571436615223987,0.4002484999999999944602065489,0.8949999999999999978142484220,0.6350000000000000149533163610,0.03400000000000000070776717816,0,0.2200000000000000045796699764,0.6850000000000000177288739226,0,1
27,0.9020362857142857176993486159,0.8904799210526315800474638673,0.0002496384106800724056745492923,0.015799949704985532,1.132036285714285722487185409,0.4002539999999999944606523728,0.8899999999999999977101650135,0.6300000000000000148492329524,0.03600000000000000074940054158,0,0.2300000000000000047878367935,0.6800000000000000176247905140,0,1
27,0.9020362857142857176993486159,0.8905471092192691041035794762,0.0002489544732722443233048892193,0.01577829120254295,1.132036285714285722487185409,0.4002539999999999944606523728,0.8899999999999999977101650135,0.6300000000000000148492329524,0.03600000000000000074940054158,0,0.2300000000000000047878367935,0.6800000000000000176247905140,0,1
27,0.9020362857142857176993486159,0.8906135206440957897313006850,0.0002482696471946518769853147385,0.0157565747291298,1.132036285714285722487185409,0.4002539999999999944606523728,0.8899999999999999977101650135,0.6300000000000000148492329524,0.03600000000000000074940054158,0,0.2300000000000000047878367935,0.6800000000000000176247905140,0,1
27,0.8996084285714285747916806984,0.8906652155172413804500385011,0.0002473024714046399940410063429,0.015725853598601253,1.139608428571428579787684309,0.4002589999999999944608605396,0.8849999999999999976060816050,0.6250000000000000147451495438,0.03800000000000000079103390500,0,0.2400000000000000049960036106,0.6750000000000000175207071054,0,1
27,0.8996084285714285747916806984,0.8907163195918367358462764566,0.0002463411407229274101621574619,0.01569525854272326,1.139608428571428579787684309,0.4002589999999999944608605396,0.8849999999999999976060816050,0.6250000000000000147451495438,0.03800000000000000079103390500,0,0.2400000000000000049960036106,0.6750000000000000175207071054,0,1
27,0.8996084285714285747916806984,0.8907668429383116894766480716,0.0002453856435398865664324475670,0.015664789929644336,1.139608428571428579787684309,0.4002589999999999944608605396,0.8849999999999999976060816050,0.6250000000000000147451495438,0.03800000000000000079103390500,0,0.2400000000000000049960036106,0.6750000000000000175207071054,0,1
27,0.8971805000000000033125502585,0.8908030782889426968994497791,0.0002442290665011339027907228708,0.015627829871774707,1.147180500000000008516720686,0.4002634999999999944608310493,0.8799999999999999975019981965,0.6200000000000000146410661352,0.04000000000000000083266726842,0,0.2500000000000000052041704277,0.6700000000000000174166236968,0,1
27,0.8971805000000000033125502585,0.8908389065008025694073885461,0.0002430829246000548536409994298,0.015591116849028322,1.147180500000000008516720686,0.4002634999999999944608310493,0.8799999999999999975019981965,0.6200000000000000146410661352,0.04000000000000000083266726842,0,0.2500000000000000052041704277,0.6700000000000000174166236968,0,1
27,0.8947525000000000032620347391,0.8908607701516360746244536084,0.0002418095315085050875703065021,0.015550226091877414,1.154752500000000008674371984,0.4002674999999999944611060030,0.8749999999999999973979147880,0.6150000000000000145369827266,0.04200000000000000087430063184,0,0.2600000000000000054123372448,0.6650000000000000173125402882,0,1
27,0.8947525000000000032620347391,0.8908823908730158742279957256,0.0002405493549148732029581856905,0.015509653603961412,1.154752500000000008674371984,0.4002674999999999944611060030,0.8749999999999999973979147880,0.6150000000000000145369827266,0.04200000000000000087430063184,0,0.2600000000000000054123372448,0.6650000000000000173125402882,0,1
27,0.8947525000000000032620347391,0.8909037726913970020127141729,0.0002393021910860395747739658799,0.015469395304472621,1.154752500000000008674371984,0.4002674999999999944611060030,0.8749999999999999973979147880,0.6150000000000000145369827266,0.04200000000000000087430063184,0,0.2600000000000000054123372448,0.6650000000000000173125402882,0,1
27,0.8923245000000000032115192198,0.8909115788854003152061142005,0.0002379983128167540915317224312,0.015427193938521487,1.162324500000000008832023282,0.4002714999999999944613809567,0.8699999999999999972938313795,0.6100000000000000144328993180,0.04400000000000000091593399526,0,0.2700000000000000056205040619,0.6600000000000000172084568796,0,1
27,0.8923245000000000032115192198,0.8909192997658079637744497470,0.0002367085656849585684221493654,0.015385336060189214,1.162324500000000008832023282,0.4002714999999999944613809567,0.8699999999999999972938313795,0.6100000000000000144328993180,0.04400000000000000091593399526,0,0.2700000000000000056205040619,0.6600000000000000172084568796,0,1
27,0.8923245000000000032115192198,0.8909269367236024857279120810,0.0002354327212144508314407761219,0.015343817035355017,1.162324500000000008832023282,0.4002714999999999944613809567,0.8699999999999999972938313795,0.6100000000000000144328993180,0.04400000000000000091593399526,0,0.2700000000000000056205040619,0.6600000000000000172084568796,0,1
27,0.8898965000000000031610037004,0.8909213667953667966329558195,0.0002341657894886875588433945619,0.015302476580236531,1.169896500000000008989674579,0.4002754999999999944616559104,0.8649999999999999971897479710,0.6050000000000000143288159094,0.04600000000000000095756735868,0,0.2800000000000000058286708790,0.6550000000000000171043734710,0,1
27,0.8898965000000000031610037004,0.8909158567588325665605259694,0.0002329124201269299785744527961,0.01526146847871888,1.169896500000000008989674579,0.4002754999999999944616559104,0.8649999999999999971897479710,0.6050000000000000143288159094,0.04600000000000000095756735868,0,0.2800000000000000058286708790,0.6550000000000000171043734710,0,1
27,0.8898965000000000031610037004,0.8909104056531703603391381497,0.0002316723965148797156335247507,0.015220788301362047,1.169896500000000008989674579,0.4002754999999999944616559104,0.8649999999999999971897479710,0.6050000000000000143288159094,0.04600000000000000095756735868,0,0.2800000000000000058286708790,0.6550000000000000171043734710,0,1
27,0.8874685000000000031104881811,0.8908920976443769009921772457,0.0002305024423888994141893873882,0.015182306886270591,1.177468500000000009147325877,0.4002794999999999944619308641,0.8599999999999999970856645625,0.6000000000000000142247325008,0.04800000000000000099920072210,0,0.2900000000000000060368376961,0.6500000000000000170002900624,0,1
27,0.8874685000000000031104881811,0.8908739833711262295748138116,0.0002293442142121910429391340054,0.015144114837526524,1.177468500000000009147325877,0.4002794999999999944619308641,0.8599999999999999970856645625,0.6000000000000000142247325008,0.04800000000000000099920072210,0,0.2900000000000000060368376961,0.6500000000000000170002900624,0,1
27,0.8874685000000000031104881811,0.8908560597744360915407910453,0.0002281975370912078136727437829,0.015106208561091954,1.177468500000000009147325877,0.4002794999999999944619308641,0.8599999999999999970856645625,0.6000000000000000142247325008,0.04800000000000000099920072210,0,0.2900000000000000060368376961,0.6500000000000000170002900624,0,1
27,0.8850405000000000030599726618,0.8908256118175018711822527293,0.0002271780081993219076739273647,0.015072425425236707,1.185040500000000009304977175,0.4002834999999999944622058178,0.8549999999999999969815811540,0.5950000000000000141206490922,0.05000000000000000104083408552,0,0.3000000000000000062450045132,0.6450000000000000168962066538,0,1
27,0.8850405000000000030599726618,0.8907954810267857156191158542,0.0002261672883994226453132096977,0.015038859278529826,1.185040500000000009304977175,0.4002834999999999944622058178,0.8549999999999999969815811540,0.5950000000000000141206490922,0.05000000000000000104083408552,0,0.3000000000000000062450045132,0.6450000000000000168962066538,0,1
27,0.8850405000000000030599726618,0.8907656624722427844659596720,0.0002251652686944182641290633853,0.01500550794523192,1.185040500000000009304977175,0.4002834999999999944622058178,0.8549999999999999969815811540,0.5950000000000000141206490922,0.05000000000000000104083408552,0,0.3000000000000000062450045132,0.6450000000000000168962066538,0,1
27,0.8826125000000000030094571424,0.8907236358615611206440189371,0.0002243437493968424112936413173,0.014978109006040864,1.192612500000000009462628473,0.4002874999999999944624807715,0.8499999999999999968774977455,0.5900000000000000140165656836,0.05200000000000000108246744894,0,0.3100000000000000064531713303,0.6400000000000000167921232452,0,1
27,0.8826125000000000030094571424,0.8906820402930402943997391328,0.0002235272044283509158092825651,0.01495082621223158,1.192612500000000009462628473,0.4002874999999999944624807715,0.8499999999999999968774977455,0.5900000000000000140165656836,0.05200000000000000108246744894,0,0.3100000000000000064531713303,0.6400000000000000167921232452,0,1
27,0.8826125000000000030094571424,0.8906408691690962112804009592,0.0002227156100767536894102224782,0.014923659406350497,1.192612500000000009462628473,0.4002874999999999944624807715,0.8499999999999999968774977455,0.5900000000000000140165656836,0.05200000000000000108246744894,0,0.3100000000000000064531713303,0.6400000000000000167921232452,0,1
27,0.8801845000000000029589416231,0.8905877911530094284970432975,0.0002221344570652690726246035363,0.014904175826434317,1.200184500000000009620279770,0.4002914999999999944627557252,0.8449999999999999967734143370,0.5850000000000000139124822750,0.05400000000000000112410081236,0,0.3200000000000000066613381474,0.6350000000000000166880398366,0,1
27,0.8801845000000000029589416231,0.8905352492784992798832145010,0.0002215536669317391949942324496,0.014884678932773095,1.200184500000000009620279770,0.4002914999999999944627557252,0.8449999999999999967734143370,0.5850000000000000139124822750,0.05400000000000000112410081236,0,0.3200000000000000066613381474,0.6350000000000000166880398366,0,1
27,0.8801845000000000029589416231,0.8904832354630294342705297126,0.0002209733166061398022302099277,0.014865171260572137,1.200184500000000009620279770,0.4002914999999999944627557252,0.8449999999999999967734143370,0.5850000000000000139124822750,0.05400000000000000112410081236,0,0.3200000000000000066613381474,0.6350000000000000166880398366,0,1
27,0.8777565000000000029084261037,0.8904196017857142871137191945,0.0002206702207572859046861368715,0.014854972930210472,1.207756500000000009777931068,0.4002954999999999944630306789,0.8399999999999999966693309285,0.5800000000000000138083988664,0.05600000000000000116573417578,0,0.3300000000000000068695049645,0.6300000000000000165839564280,0,1
27,0.8777565000000000029084261037,0.8903566012793176986350858955,0.0002203622224064987282076224526,0.014844602467109004,1.207756500000000009777931068,0.4002954999999999944630306789,0.8399999999999999966693309285,0.5800000000000000138083988664,0.05600000000000000116573417578,0,0.3300000000000000068695049645,0.6300000000000000165839564280,0,1
27,0.8777565000000000029084261037,0.8902942245403111753889143124,0.0002200495110908661652030781642,0.014834065898831182,1.207756500000000009777931068,0.4002954999999999944630306789,0.8399999999999999966693309285,0.5800000000000000138083988664,0.05600000000000000116573417578,0,0.3300000000000000068695049645,0.6300000000000000165839564280,0,1
27,0.8753285000000000028579105844,0.8902205017593244208444266094,0.0002200579948608605267564265526,0.014834351851727818,1.215328500000000009935582366,0.4002994999999999944633056326,0.8349999999999999965652475200,0.5750000000000000137043154578,0.05800000000000000120736753920,0,0.3400000000000000070776717816,0.6250000000000000164798730194,0,1
27,0.8753285000000000028579105844,0.8901475017507002815405711387,0.0002200557635766762002750134778,0.01483427664487474,1.215328500000000009935582366,0.4002994999999999944633056326,0.8349999999999999965652475200,0.5750000000000000137043154578,0.05800000000000000120736753920,0,0.3400000000000000070776717816,0.6250000000000000164798730194,0,1
27,0.8753285000000000028579105844,0.8900752139372822314006557215,0.0002200431284955608721133720339,0.01483385076423384,1.215328500000000009935582366,0.4002994999999999944633056326,0.8349999999999999965652475200,0.5750000000000000137043154578,0.05800000000000000120736753920,0,0.3400000000000000070776717816,0.6250000000000000164798730194,0,1
27,0.8729005000000000028073950650,0.8899918415395284341744748447,0.0002203929868796640236587956727,0.014845638648426817,1.222900500000000010093233664,0.4003034999999999944635805863,0.8299999999999999964611641115,0.5700000000000000136002320492,0.06000000000000000124900090262,0,0.3500000000000000072858385987,0.6200000000000000163757896108,0,1
27,0.8729005000000000028073950650,0.8899092746721877171147304981,0.0002207258633481161505411029067,0.014856845672891543,1.222900500000000010093233664,0.4003034999999999944635805863,0.8299999999999999964611641115,0.5700000000000000136002320492,0.06000000000000000124900090262,0,0.3500000000000000072858385987,0.6200000000000000163757896108,0,1
27,0.8729005000000000028073950650,0.8898275017170329684882529240,0.0002210421975970600006267801388,0.0148674879383526,1.222900500000000010093233664,0.4003034999999999944635805863,0.8299999999999999964611641115,0.5700000000000000136002320492,0.06000000000000000124900090262,0,0.3500000000000000072858385987,0.6200000000000000163757896108,0,1
27,0.8704725000000000027568795457,0.8897348940533151074081985057,0.0002217598895926012882158021345,0.014891604668154514,1.230472500000000010250884962,0.4003074999999999944638555400,0.8249999999999999963570807030,0.5650000000000000134961486406,0.06200000000000000129063426604,0,0.3600000000000000074940054158,0.6150000000000000162717062022,0,1
27,0.8704725000000000027568795457,0.8896431683673469402431922248,0.0002224539592881165034799053734,0.014914890522163295,1.230472500000000010250884962,0.4003074999999999944638555400,0.8249999999999999963570807030,0.5650000000000000134961486406,0.06200000000000000129063426604,0,0.3600000000000000074940054158,0.6150000000000000162717062022,0,1
27,0.8704725000000000027568795457,0.8895523121191604618664798422,0.0002231249795308385216126495997,0.014937368561123425,1.230472500000000010250884962,0.4003074999999999944638555400,0.8249999999999999963570807030,0.5650000000000000134961486406,0.06200000000000000129063426604,0,0.3600000000000000074940054158,0.6150000000000000162717062022,0,1
27,0.8704725000000000027568795457,0.8894623130053908370593590858,0.0002237735079197482968440295775,0.014959061064109215,1.230472500000000010250884962,0.4003074999999999944638555400,0.8249999999999999963570807030,0.5650000000000000134961486406,0.06200000000000000129063426604,0,0.3600000000000000074940054158,0.6150000000000000162717062022,0,1
27,0.8704725000000000027568795457,0.8893731589537223354898638765,0.0002244000872670026437390480878,0.014979989561645316,1.230472500000000010250884962,0.4003074999999999944638555400,0.8249999999999999963570807030,0.5650000000000000134961486406,0.06200000000000000129063426604,0,0.3600000000000000074940054158,0.6150000000000000162717062022,0,1
27,0.8704725000000000027568795457,0.8892848381174899881406443234,0.0002250052460435435970258412373,0.015000174867098837,1.230472500000000010250884962,0.4003074999999999944638555400,0.8249999999999999963570807030,0.5650000000000000134961486406,0.06200000000000000129063426604,0,0.3600000000000000074940054158,0.6150000000000000162717062022,0,1
27,0.8419010714285714297422752249,0.8890644485049833901946053972,0.000234304682746837911467969718,0.015307014168244502,0.8419010714285714297422752249,0.4003074999999999944638555400,0.7749999999999999935815231414,0.5150000000000000107205910790,0.06200000000000000129063426604,-0.1000000000000000055511151231,0,0.6150000000000000162717062022,0,2
27,0.8419010714285714297422752249,0.8888460995370370385258446093,0.0002434228817346054493525078659,0.015602015310036247,0.8419010714285714297422752249,0.4003074999999999944638555400,0.7749999999999999935815231414,0.5150000000000000107205910790,0.06200000000000000129063426604,-0.1000000000000000055511151231,0,0.6150000000000000162717062022,0,2
27,0.8537587857142857161990618659,0.8886844068466096130773340899,0.0002479223109039327494049702782,0.01574554892355083,0.8637587857142857164072286830,0.4003114999999999944641304937,0.7699999999999999934774397329,0.5100000000000000106165076704,0.06400000000000000133226762946,0,0.01000000000000000020816681712,0.6100000000000000161676227936,0,2
27,0.8537587857142857161990618659,0.8885241975753604208898190798,0.0002523292446239612861600174418,0.015884874712252573,0.8637587857142857164072286830,0.4003114999999999944641304937,0.7699999999999999934774397329,0.5100000000000000106165076704,0.06400000000000000133226762946,0,0.01000000000000000020816681712,0.6100000000000000161676227936,0,2
27,0.8513307857142857161485463466,0.8883543646444879336535575603,0.0002574361676932624381703171867,0.016044817471484753,0.8713307857142857165648799808,0.4003154999999999944644054474,0.7649999999999999933733563244,0.5050000000000000105124242618,0.06600000000000000137390099288,0,0.02000000000000000041633363424,0.6050000000000000160635393850,0,2
27,0.8513307857142857161485463466,0.8881860756493506508467166,0.0002624401505501007847171830950,0.016200004646607383,0.8713307857142857165648799808,0.4003154999999999944644054474,0.7649999999999999933733563244,0.5050000000000000105124242618,0.06600000000000000137390099288,0,0.02000000000000000041633363424,0.6050000000000000160635393850,0,2
27,0.8513307857142857161485463466,0.8880193096315449271602995398,0.0002673433525260157185496735823,0.016350637679491763,0.8713307857142857165648799808,0.4003154999999999944644054474,0.7649999999999999933733563244,0.5050000000000000105124242618,0.06600000000000000137390099288,0,0.02000000000000000041633363424,0.6050000000000000160635393850,0,2
27,0.8489027857142857160980308271,0.8878431090733590748582172482,0.0002729695031151291354506514244,0.016521788738363928,0.8789027857142857167225312785,0.4003194999999999944646804011,0.7599999999999999932692729159,0.5000000000000000104083408532,0.06800000000000000141553435630,0,0.03000000000000000062450045136,0.6000000000000000159594559764,0,2
27,0.8489027857142857160980308271,0.8876684887892376696619832283,0.0002784843472038296296767818482,0.016687850287075014,0.8789027857142857167225312785,0.4003194999999999944646804011,0.7599999999999999932692729159,0.5000000000000000104083408532,0.06800000000000000141553435630,0,0.03000000000000000062450045136,0.6000000000000000159594559764,0,2
27,0.8489027857142857160980308271,0.8874954276147959198692870121,0.0002838901849790849252267984437,0.01684904107001597,0.8789027857142857167225312785,0.4003194999999999944646804011,0.7599999999999999932692729159,0.5000000000000000104083408532,0.06800000000000000141553435630,0,0.03000000000000000062450045136,0.6000000000000000159594559764,0,2
27,0.8464748571428571446189003873,0.8873131139682539697570630716,0.0002900407318037870827788525177,0.017030582250874074,0.8864748571428571454515676558,0.4003239999999999944646509108,0.7549999999999999931651895074,0.4950000000000000103042574446,0.07000000000000000145716771972,0,0.04000000000000000083266726848,0.5950000000000000158553725678,0,2
27,0.8464748571428571446189003873,0.8871324137168141607962747412,0.0002960716883292770310102543378,0.01720673380770671,0.8864748571428571454515676558,0.4003239999999999944646509108,0.7549999999999999931651895074,0.4950000000000000103042574446,0.07000000000000000145716771972,0,0.04000000000000000083266726848,0.5950000000000000158553725678,0,2
27,0.8464748571428571446189003873,0.8869533055380742620465946780,0.0003019854905149817807820602840,0.017377729728447897,0.8864748571428571454515676558,0.4003239999999999944646509108,0.7549999999999999931651895074,0.4950000000000000103042574446,0.07000000000000000145716771972,0,0.04000000000000000083266726848,0.5950000000000000158553725678,0,2
27,0.8440470000000000017112324699,0.8867651199874686731854746684,0.0003086646672024764677466632849,0.017568855033908058,0.8940470000000000027520665555,0.4003289999999999944648590776,0.7499999999999999930611060989,0.4900000000000000102001740360,0.07200000000000000149880108314,0,0.05000000000000000104083408560,0.5900000000000000157512891592,0,2
27,0.8440470000000000017112324699,0.8865785779787897706899539603,0.0003152160665831026613822272912,0.0177543252922521,0.8940470000000000027520665555,0.4003289999999999944648590776,0.7499999999999999930611060989,0.4900000000000000102001740360,0.07200000000000000149880108314,0,0.05000000000000000104083408560,0.5900000000000000157512891592,0,2
27,0.8440470000000000017112324699,0.8863936580745341629987421278,0.0003216422552070087771165365791,0.017934387505766924,0.8940470000000000027520665555,0.4003289999999999944648590776,0.7499999999999999930611060989,0.4900000000000000102001740360,0.07200000000000000149880108314,0,0.05000000000000000104083408560,0.5900000000000000157512891592,0,2
27,0.8416192142857142873750270747,0.8861998293135436007666048333,0.0003288534629171928119031447120,0.018134317271879655,0.9016192142857142886240279774,0.4003344999999999944653049015,0.7449999999999999929570226904,0.4850000000000000100960906274,0.07400000000000000154043444656,0,0.06000000000000000124900090272,0.5850000000000000156472057506,0,2
27,0.8416192142857142873750270747,0.8860076714901477847606066534,0.0003359288149433679465842168380,0.01832836094535919,0.9016192142857142886240279774,0.4003344999999999944653049015,0.7449999999999999929570226904,0.4850000000000000100960906274,0.07400000000000000154043444656,0,0.06000000000000000124900090272,0.5850000000000000156472057506,0,2
27,0.8391915000000000016101293161,0.8858067437155119573651110425,0.0003438131588563001737911721396,0.01854219940719817,0.9091915000000000030672970359,0.4003404999999999944649041804,0.7399999999999999928529392819,0.4800000000000000099920072188,0.07600000000000000158206780998,0,0.07000000000000000145716771984,0.5800000000000000155431223420,0,2
27,0.8391915000000000016101293161,0.8856075332722832737935085564,0.0003515509152062036250491654469,0.018749691069620416,0.9091915000000000030672970359,0.4003404999999999944649041804,0.7399999999999999928529392819,0.4800000000000000099920072188,0.07600000000000000158206780998,0,0.07000000000000000145716771984,0.5800000000000000155431223420,0,2
27,0.8391915000000000016101293161,0.8854100182370820683799622617,0.0003591449599416303653560428624,0.0189511202819683,0.9091915000000000030672970359,0.4003404999999999944649041804,0.7399999999999999928529392819,0.4800000000000000099920072188,0.07600000000000000158206780998,0,0.07000000000000000145716771984,0.5800000000000000155431223420,0,2
27,0.8367637857142857158452315576,0.8852038901331719143437981487,0.0003675657173830327714957887246,0.019172003478589106,0.9167637857142857175105660946,0.4003464999999999944645034593,0.7349999999999999927488558734,0.4750000000000000098879238102,0.07800000000000000162370117340,0,0.08000000000000000166533453696,0.5750000000000000154390389334,0,2
27,0.8367637857142857158452315576,0.8849995015069318881897957582,0.0003758320404237327824109732266,0.019386388019013052,0.9167637857142857175105660946,0.4003464999999999944645034593,0.7349999999999999927488558734,0.4750000000000000098879238102,0.07800000000000000162370117340,0,0.08000000000000000166533453696,0.5750000000000000154390389334,0,2
27,0.8367637857142857158452315576,0.8847968304321728706589362450,0.0003839469200222488089712840330,0.019594563532323164,0.9167637857142857175105660946,0.4003464999999999944645034593,0.7349999999999999927488558734,0.4750000000000000098879238102,0.07800000000000000162370117340,0,0.08000000000000000166533453696,0.5750000000000000154390389334,0,2
27,0.8367637857142857158452315576,0.8845958553496712507643182339,0.0003919132797108769348727351651,0.019796799734070072,0.9167637857142857175105660946,0.4003464999999999944645034593,0.7349999999999999927488558734,0.4750000000000000098879238102,0.07800000000000000162370117340,0,0.08000000000000000166533453696,0.5750000000000000154390389334,0,2
27,0.8367637857142857158452315576,0.8843965550595238110354887062,0.0003997339773599843392923671102,0.01999334832788106,0.9167637857142857175105660946,0.4003464999999999944645034593,0.7349999999999999927488558734,0.4750000000000000098879238102,0.07800000000000000162370117340,0,0.08000000000000000166533453696,0.5750000000000000154390389334,0,2
27,0.8367637857142857158452315576,0.8841989087136929475699689672,0.0004074118068894818853032087144,0.02018444467627192,0.9167637857142857175105660946,0.4003464999999999944645034593,0.7349999999999999927488558734,0.4750000000000000098879238102,0.07800000000000000162370117340,0,0.08000000000000000166533453696,0.5750000000000000154390389334,0,2
27,0.8367637857142857158452315576,0.8840028958087367193397014574,0.0004149494999292594919601883810,0.020370309274266297,0.9167637857142857175105660946,0.4003464999999999944645034593,0.7349999999999999927488558734,0.4750000000000000098879238102,0.07800000000000000162370117340,0,0.08000000000000000166533453696,0.5750000000000000154390389334,0,2
27,0.8474780714285714297344376201,0.8838525878894767798763053099,0.0004186867672043023511656019222,0.020461836848247577,0.9274780714285714313997721571,0.3503464999999999916889458977,0.8099999999999999899732983118,0.6650000000000000207819872394,0.07800000000000000162370117340,-0.05000000000000000277555756156,0.08000000000000000166533453696,0.4850000000000000100960906274,0,2
27,0.8474780714285714297344376201,0.8837035120023419218839206061,0.0004223490449811854456422826992,0.02055113245009105,0.9274780714285714313997721571,0.3503464999999999916889458977,0.8099999999999999899732983118,0.6650000000000000207819872394,0.07800000000000000162370117340,-0.05000000000000000277555756156,0.08000000000000000166533453696,0.4850000000000000100960906274,0,2
27,0.8521932142857142872231909419,0.8835748985422740539873461992,0.0004246448044170924892161336249,0.020606911569109345,0.9421932142857142890966922960,0.3503524999999999916885451766,0.8049999999999999898692149033,0.6600000000000000206779038308,0.08000000000000000166533453682,0,0.09000000000000000187350135408,0.4800000000000000099920072188,0,2
27,0.8521932142857142872231909419,0.8834473307200929167240772752,0.0004268894181962656755907356870,0.020661302432234654,0.9421932142857142890966922960,0.3503524999999999916885451766,0.8049999999999999898692149033,0.6600000000000000206779038308,0.08000000000000000166533453682,0,0.09000000000000000187350135408,0.4800000000000000099920072188,0,2
27,0.8521932142857142872231909419,0.8833207958357432056734663992,0.0004290838996333403114196739988,0.020714340434427072,0.9421932142857142890966922960,0.3503524999999999916885451766,0.8049999999999999898692149033,0.6600000000000000206779038308,0.08000000000000000166533453682,0,0.09000000000000000187350135408,0.4800000000000000099920072188,0,2
27,0.8497655000000000014582931831,0.8831854922235023056564697331,0.0004318573350389274653515403673,0.020781177421862494,0.9497655000000000035399613543,0.3503584999999999916881444555,0.7999999999999999897651314948,0.6550000000000000205738204222,0.08200000000000000170696790024,0,0.1000000000000000020816681712,0.4750000000000000098879238102,0,2
27,0.8497655000000000014582931831,0.8830512753872633405793686225,0.0004345725378826721176731748378,0.020846403475963716,0.9497655000000000035399613543,0.3503584999999999916881444555,0.7999999999999999897651314948,0.6550000000000000205738204222,0.08200000000000000170696790024,0,0.1000000000000000020816681712,0.4750000000000000098879238102,0,2
27,0.8497655000000000014582931831,0.8829181322857142872228843208,0.0004372306358410285701137833796,0.020910060636952457,0.9497655000000000035399613543,0.3503584999999999916881444555,0.7999999999999999897651314948,0.6550000000000000205738204222,0.08200000000000000170696790024,0,0.1000000000000000020816681712,0.4750000000000000098879238102,0,2
27,0.8473377142857142871220877881,0.8827763776323278330392158088,0.0004404922622312818842174145291,0.020987907523888176,0.9573377142857142894119227764,0.3503639999999999916885902794,0.7949999999999999896610480863,0.6500000000000000204697370136,0.08400000000000000174860126366,0,0.1100000000000000022898349883,0.4700000000000000097838404016,0,2
28,0.8473377142857142871220877881,0.8826357480158730173808145071,0.0004436885277986792713631908202,0.021063915300785826,0.9573377142857142894119227764,0.3503639999999999916885902794,0.7949999999999999896610480863,0.6500000000000000204697370136,0.08400000000000000174860126366,0,0.1100000000000000022898349883,0.4700000000000000097838404016,0,2
28,0.8449098571428571442144198707,0.8824866338226990415975481253,0.0004475159017822683250295284004,0.02115457165206302,0.9649098571428571467124216761,0.3503689999999999916887984462,0.7899999999999999895569646778,0.6450000000000000203656536050,0.08600000000000000179023462708,0,0.1200000000000000024980018054,0.4650000000000000096797569930,0,2
30,0.8449098571428571442144198707,0.8823386937570303727102129748,0.0004512694526031667744078683996,0.02124310364808228,0.9649098571428571467124216761,0.3503689999999999916887984462,0.7899999999999999895569646778,0.6450000000000000203656536050,0.08600000000000000179023462708,0,0.1200000000000000024980018054,0.4650000000000000096797569930,0,2
30,0.8449098571428571442144198707,0.8821919140056022424023863353,0.0004549505597063581159712400255,0.021329570077860408,0.9649098571428571467124216761,0.3503689999999999916887984462,0.7899999999999999895569646778,0.6450000000000000203656536050,0.08600000000000000179023462708,0,0.1200000000000000024980018054,0.4650000000000000096797569930,0,2
30,0.8424820000000000013067519533,0.8820367971540178586481065137,0.00045928505743365944827895385,0.021430936923841185,0.9724820000000000040129205758,0.3503739999999999916890066130,0.7849999999999999894528812693,0.6400000000000000202615701964,0.08800000000000000183186799050,0,0.1300000000000000027061686225,0.4600000000000000095756735844,0,2
30,0.8424820000000000013067519533,0.8818828874374652599814086362,0.0004635385394314265618588321930,0.02152994517948029,0.9724820000000000040129205758,0.3503739999999999916890066130,0.7849999999999999894528812693,0.6400000000000000202615701964,0.08800000000000000183186799050,0,0.1300000000000000027061686225,0.4600000000000000095756735844,0,2
30,0.8424820000000000013067519533,0.8817301708194905884361580291,0.0004677124943664827086178068965,0.0216266616556158,0.9724820000000000040129205758,0.3503739999999999916890066130,0.7849999999999999894528812693,0.6400000000000000202615701964,0.08800000000000000183186799050,0,0.1300000000000000027061686225,0.4600000000000000095756735844,0,2
30,0.8400541428571428583990840357,0.8815692595146166589765554266,0.0004725611137360470944074716653,0.02173847082331338,0.9800541428571428613134194753,0.3503789999999999916892147798,0.7799999999999999893487978608,0.6350000000000000201574867878,0.09000000000000000187350135392,0,0.1400000000000000029143354396,0.4550000000000000094715901758,0,2
30,0.8400541428571428583990840357,0.8814095859890109905127959212,0.00047732154282411298658159434,0.021847689644997087,0.9800541428571428613134194753,0.3503789999999999916892147798,0.7799999999999999893487978608,0.6350000000000000201574867878,0.09000000000000000187350135392,0,0.1400000000000000029143354396,0.4550000000000000094715901758,0,2
30,0.8400541428571428583990840357,0.8812511360153256719989502816,0.0004819953769331216017832349425,0.02195439311238463,0.9800541428571428613134194753,0.3503789999999999916892147798,0.7799999999999999893487978608,0.6350000000000000201574867878,0.09000000000000000187350135392,0,0.1400000000000000029143354396,0.4550000000000000094715901758,0,2
30,0.8376262857142857154914161183,0.8810846289531079622412879374,0.0004873642022007939898970744847,0.02207632673704559,0.9876262857142857186139183750,0.3503839999999999916894229466,0.7749999999999999892447144523,0.6300000000000000200534033792,0.09200000000000000191513471734,0,0.1500000000000000031225022567,0.4500000000000000093675067672,0,2
30,0.8376262857142857154914161183,0.8809193881042911476148625692,0.0004926376946431920890193408354,0.022195443105358183,0.9876262857142857186139183750,0.3503839999999999916894229466,0.7749999999999999892447144523,0.6300000000000000200534033792,0.09200000000000000191513471734,0,0.1500000000000000031225022567,0.4500000000000000093675067672,0,2
30,0.8376262857142857154914161183,0.8807553990800865815840919386,0.0004978175534503015997133131864,0.022311825417260272,0.9876262857142857186139183750,0.3503839999999999916894229466,0.7749999999999999892447144523,0.6300000000000000200534033792,0.09200000000000000191513471734,0,0.1500000000000000031225022567,0.4500000000000000093675067672,0,2
30,0.8351984285714285725837482009,0.8805834859838274947576755472,0.0005037118398007787497116681709,0.02244352556531123,0.9951984285714285759144172747,0.3503889999999999916896311134,0.7699999999999999891406310438,0.6250000000000000199493199706,0.09400000000000000195676808076,0,0.1600000000000000033306690738,0.4450000000000000092634233586,0,2
31,0.8351984285714285725837482009,0.8804128654672395288848412338,0.0005095036949286151871414228199,0.022572188527668628,0.9951984285714285759144172747,0.3503889999999999916896311134,0.7699999999999999891406310438,0.6250000000000000199493199706,0.09400000000000000195676808076,0,0.1600000000000000033306690738,0.4450000000000000092634233586,0,2
31,0.8351984285714285725837482009,0.8802435230069555927189195371,0.0005151949190401392774994742566,0.02269790560911159,0.9951984285714285759144172747,0.3503889999999999916896311134,0.7699999999999999891406310438,0.6250000000000000199493199706,0.09400000000000000195676808076,0,0.1600000000000000033306690738,0.4450000000000000092634233586,0,2
31,0.8327705714285714296760802833,0.8800663851279317712150283459,0.0005216191693179171210729438560,0.02283898354388647,1.002770571428571433214916174,0.3503939999999999916898392802,0.7649999999999999890365476353,0.6200000000000000198452365620,0.09600000000000000199840144418,0,0.1700000000000000035388358909,0.4400000000000000091593399500,0,2
31,0.8327705714285714296760802833,0.8798905642591609149267794684,0.0005279339446154520183569590097,0.022976813195381383,1.002770571428571433214916174,0.3503939999999999916898392802,0.7649999999999999890365476353,0.6200000000000000198452365620,0.09600000000000000199840144418,0,0.1700000000000000035388358909,0.4400000000000000091593399500,0,2
31,0.8327705714285714296760802833,0.8797160457671957686851102122,0.0005341411431942038120671096933,0.023111493746493406,1.002770571428571433214916174,0.3503939999999999916898392802,0.7649999999999999890365476353,0.6200000000000000198452365620,0.09600000000000000199840144418,0,0.1700000000000000035388358909,0.4400000000000000091593399500,0,2
31,0.8327705714285714296760802833,0.8795428152345809187256672974,0.0005402426252881321855056721749,0.023243119955981214,1.002770571428571433214916174,0.3503939999999999916898392802,0.7649999999999999890365476353,0.6200000000000000198452365620,0.09600000000000000199840144418,0,0.1700000000000000035388358909,0.4400000000000000091593399500,0,2
31,0.8327705714285714296760802833,0.8793708584558823544276908746,0.0005462402139857043571180292665,0.023371782430651376,1.002770571428571433214916174,0.3503939999999999916898392802,0.7649999999999999890365476353,0.6200000000000000198452365620,0.09600000000000000199840144418,0,0.1700000000000000035388358909,0.4400000000000000091593399500,0,2
31,0.8327705714285714296760802833,0.8792001614338042924322637297,0.0005521356960885186977315863667,0.023497567876027484,1.002770571428571433214916174,0.3503939999999999916898392802,0.7649999999999999890365476353,0.6200000000000000198452365620,0.09600000000000000199840144418,0,0.1700000000000000035388358909,0.4400000000000000091593399500,0,2
32,0.8627705714285714312918512924,0.8791401994264859243259118595,0.0005510985757407142720229188069,0.023475488828578507,1.032770571428571434830687183,0.3503939999999999916898392802,0.8149999999999999918121051969,0.6300000000000000200534033791,0.09600000000000000199840144418,-0.05000000000000000277555756156,0.1700000000000000035388358909,0.6400000000000000202615701963,0,2
32,0.8627705714285714312918512924,0.8790806735064935079876061847,0.0005500619243009016311937119044,0.023453398992489376,1.032770571428571434830687183,0.3503939999999999916898392802,0.8149999999999999918121051969,0.6300000000000000200534033791,0.09600000000000000199840144418,-0.05000000000000000277555756156,0.1700000000000000035388358909,0.6400000000000000202615701963,0,2
32,0.8674855714285714316378344551,0.8790386622670807468414113598,0.0005485525474299666538048522826,0.02342119867619859,1.047485571428571435384837163,0.3503989999999999916900474470,0.8099999999999999917080217884,0.6250000000000000199493199705,0.09800000000000000204003480760,0,0.1800000000000000037470027080,0.6350000000000000201574867877,0,2
33,0.8674855714285714316378344551,0.8789969543579164532847197466,0.0005470505957675697199341968617,0.02338911276144458,1.047485571428571435384837163,0.3503989999999999916900474470,0.8099999999999999917080217884,0.6250000000000000199493199705,0.09800000000000000204003480760,0,0.1800000000000000037470027080,0.6350000000000000201574867877,0,2
33,0.8650577142857142887301665377,0.8789468132065775965776889795,0.0005457766981886702831811459673,0.023361864184792067,1.055057714285714292685336063,0.3504039999999999916902556138,0.8049999999999999916039383799,0.6200000000000000198452365619,0.1000000000000000020816681710,0,0.1900000000000000039551695251,0.6300000000000000200534033791,0,2
33,0.8650577142857142887301665377,0.8788970314900153624993824473,0.0005445069849359555642034503057,0.023334673448239116,1.055057714285714292685336063,0.3504039999999999916902556138,0.8049999999999999916039383799,0.6200000000000000198452365619,0.1000000000000000020816681710,0,0.1900000000000000039551695251,0.6300000000000000200534033791,0,2
33,0.8650577142857142887301665377,0.8788476053571428586644923904,0.0005432414639031909564472326329,0.023307540923554998,1.055057714285714292685336063,0.3504039999999999916902556138,0.8049999999999999916039383799,0.6200000000000000198452365619,0.1000000000000000020816681710,0,0.1900000000000000039551695251,0.6300000000000000200534033791,0,2
33,0.8626298571428571458224986202,0.8787898909506863258785778217,0.0005422375679201553376297205865,0.0232859951026396,1.062629857142857149985834962,0.3504089999999999916904637806,0.7999999999999999914998549714,0.6150000000000000197411531533,0.1020000000000000021233015344,0,0.2000000000000000041633363422,0.6250000000000000199493199705,0,2
34,0.8626298571428571458224986202,0.8787325858662613997081661933,0.0005412342356663233981063577851,0.023264441443248178,1.062629857142857149985834962,0.3504089999999999916904637806,0.7999999999999999914998549714,0.6150000000000000197411531533,0.1020000000000000021233015344,0,0.2000000000000000041633363422,0.6250000000000000199493199705,0,2
34,0.8602020714285714314862932252,0.8786671070166582549441313064,0.0005405265441596201808064120484,0.02324922674326224,1.070202071428571435857796384,0.3504144999999999916909096045,0.7949999999999999913957715629,0.6100000000000000196370697447,0.1040000000000000021649348978,0,0.2100000000000000043715031593,0.6200000000000000198452365619,0,2
35,0.8602020714285714314862932252,0.8786020892857142872558994820,0.0005398153966701256589369263778,0.02323392770648402,1.070202071428571435857796384,0.3504144999999999916909096045,0.7949999999999999913957715629,0.6100000000000000196370697447,0.1040000000000000021649348978,0,0.2100000000000000043715031593,0.6200000000000000198452365619,0,2
35,0.8602020714285714314862932252,0.8785375278195488737268833196,0.0005391009179487056935766323291,0.023218546852650054,1.070202071428571435857796384,0.3504144999999999916909096045,0.7949999999999999913957715629,0.6100000000000000196370697447,0.1040000000000000021649348978,0,0.2100000000000000043715031593,0.6200000000000000198452365619,0,2
35,0.8577742857142857171500878301,0.8784649290709290724801113073,0.0005387128123702550086833777014,0.023210187684942468,1.077774285714285721729757806,0.3504199999999999916913554284,0.7899999999999999912916881544,0.6050000000000000195329863361,0.1060000000000000022065682612,0,0.2200000000000000045796699764,0.6150000000000000197411531533,0,2
36,0.8577742857142857171500878301,0.8783928362369337994650241174,0.0005383170347161948571144121941,0.023201660171552268,1.077774285714285721729757806,0.3504199999999999916913554284,0.7899999999999999912916881544,0.6050000000000000195329863361,0.1060000000000000022065682612,0,0.2200000000000000045796699764,0.6150000000000000197411531533,0,2
36,0.8577742857142857171500878301,0.8783212440476190491792083663,0.0005379137724315960418380284681,0.0231929681677787,1.077774285714285721729757806,0.3504199999999999916913554284,0.7899999999999999912916881544,0.6050000000000000195329863361,0.1060000000000000022065682612,0,0.2200000000000000045796699764,0.6150000000000000197411531533,0,2
36,0.8553465000000000028138824351,0.8782417466633712324097781727,0.0005378662933566652992084934744,0.023191944579027117,1.085346500000000007601719229,0.3504254999999999916918012523,0.7849999999999999911876047459,0.6000000000000000194289029275,0.1080000000000000022482016246,0,0.2300000000000000047878367935,0.6100000000000000196370697447,0,2
38,0.8553465000000000028138824351,0.8781627975369458143766888769,0.0005378066972874852102710740362,0.023190659699273006,1.085346500000000007601719229,0.3504254999999999916918012523,0.7849999999999999911876047459,0.6000000000000000194289029275,0.1080000000000000022482016246,0,0.2300000000000000047878367935,0.6100000000000000196370697447,0,2
38,0.8553465000000000028138824351,0.8780843910162002961238957275,0.0005377352367740045119786121749,0.02318911893052439,1.085346500000000007601719229,0.3504254999999999916918012523,0.7849999999999999911876047459,0.6000000000000000194289029275,0.1080000000000000022482016246,0,0.2300000000000000047878367935,0.6100000000000000196370697447,0,2
38,0.8529187142857142884776770401,0.8779982071917808234949703209,0.0005380477221426738172589060349,0.023195855710507293,1.092918714285714293473680651,0.3504309999999999916922470762,0.7799999999999999910835213374,0.5950000000000000193248195189,0.1100000000000000022898349880,0,0.2400000000000000049960036106,0.6050000000000000195329863361,0,2
40,0.8529187142857142884776770401,0.8779126116528522687679488420,0.0005383434463182927696338465044,0.02320222933940385,1.092918714285714293473680651,0.3504309999999999916922470762,0.7799999999999999910835213374,0.5950000000000000193248195189,0.1100000000000000022898349880,0,0.2400000000000000049960036106,0.6050000000000000195329863361,0,2
40,0.8529187142857142884776770401,0.8778275983965014593111792099,0.0005386227288398109084658183697,0.02320824700057742,1.092918714285714293473680651,0.3504309999999999916922470762,0.7799999999999999910835213374,0.5950000000000000193248195189,0.1100000000000000022898349880,0,0.2400000000000000049960036106,0.6050000000000000195329863361,0,2
40,0.850490928571428574141471645,0.8777349317191283308868751163,0.0005393129423268348520085013685,0.023223112244633252,1.100490928571428579345642073,0.3504364999999999916926929001,0.7749999999999999909794379289,0.5900000000000000192207361103,0.1120000000000000023314683514,0,0.2500000000000000052041704277,0.6000000000000000194289029275,0,2
41,0.850490928571428574141471645,0.8776428911679536695465190233,0.0005399815779029033079166166730,0.023237503693445717,1.100490928571428579345642073,0.3504364999999999916926929001,0.7749999999999999909794379289,0.5900000000000000192207361103,0.1120000000000000023314683514,0,0.2500000000000000052041704277,0.6000000000000000194289029275,0,2
41,0.850490928571428574141471645,0.8775514704184704200670407492,0.0005406290235162117241130219370,0.023251430569240502,1.100490928571428579345642073,0.3504364999999999916926929001,0.7749999999999999909794379289,0.5900000000000000192207361103,0.1120000000000000023314683514,0,0.2500000000000000052041704277,0.6000000000000000194289029275,0,2
41,0.848063142857142859805266250,0.8774525162991371061064307678,0.0005417132726698922107171946906,0.02327473464230886,1.108063142857142865217603495,0.3504419999999999916931387240,0.7699999999999999908753545204,0.5850000000000000191166527017,0.1140000000000000023731017148,0,0.2600000000000000054123372448,0.5950000000000000193248195189,0,2
42,0.848063142857142859805266250,0.8773542240802675601321793813,0.0005427709789125336695125796913,0.02329744575940748,1.108063142857142865217603495,0.3504419999999999916931387240,0.7699999999999999908753545204,0.5850000000000000191166527017,0.1140000000000000023731017148,0,0.2600000000000000054123372448,0.5950000000000000193248195189,0,2
42,0.848063142857142859805266250,0.877256587142857144464423004,0.0005438025996137022373476276123,0.023319575459551194,1.108063142857142865217603495,0.3504419999999999916931387240,0.7699999999999999908753545204,0.5850000000000000191166527017,0.1140000000000000023731017148,0,0.2600000000000000054123372448,0.5950000000000000193248195189,0,2
42,0.845635357142857145469060855,0.8771515332225913637368636615,0.0005452958446471743605413515150,0.023351570496375065,1.115635357142857151089564917,0.3504474999999999916935845479,0.7649999999999999907712711119,0.5800000000000000190125692931,0.1160000000000000024147350782,0,0.2700000000000000056205040619,0.5900000000000000192207361103,0,2
45,0.845635357142857145469060855,0.8770471750236518464578312020,0.0005467574554350188616649140983,0.023382845323762863,1.115635357142857151089564917,0.3504474999999999916935845479,0.7649999999999999907712711119,0.5800000000000000190125692931,0.1160000000000000024147350782,0,0.2700000000000000056205040619,0.5900000000000000192207361103,0,2
45,0.845635357142857145469060855,0.8769435056577086296228847653,0.0005481879594217943677085519997,0.023413414091537237,1.115635357142857151089564917,0.3504474999999999916935845479,0.7649999999999999907712711119,0.5800000000000000190125692931,0.1160000000000000024147350782,0,0.2700000000000000056205040619,0.5900000000000000192207361103,0,2
45,0.845635357142857145469060855,0.8768405183270676707934313974,0.0005495878743070271468779864918,0.023443290603220084,1.115635357142857151089564917,0.3504474999999999916935845479,0.7649999999999999907712711119,0.5800000000000000190125692931,0.1160000000000000024147350782,0,0.2700000000000000056205040619,0.5900000000000000192207361103,0,2
45,0.845635357142857145469060855,0.8767382063231850133333514941,0.0005509577082507228674517245964,0.023472488326777858,1.115635357142857151089564917,0.3504474999999999916935845479,0.7649999999999999907712711119,0.5800000000000000190125692931,0.1160000000000000024147350782,0,0.2700000000000000056205040619,0.5900000000000000192207361103,0,2
45,0.845635357142857145469060855,0.8766365630252100856605923745,0.0005522979600739559121365474797,0.023501020404951695,1.115635357142857151089564917,0.3504474999999999916935845479,0.7649999999999999907712711119,0.5800000000000000190125692931,0.1160000000000000024147350782,0,0.2700000000000000056205040619,0.5900000000000000192207361103,0,2
45,0.8527782142857142805447298351,0.8765588485342019560022345160,0.0005523410239344978960998731479,0.02350193659966127,1.122778214285714286165233897,0.3004474999999999889180269863,0.7649999999999999907712711119,0.7800000000000000301147995394,0.1160000000000000024147350782,-0.05000000000000000277555756156,0.2700000000000000056205040619,0.6000000000000000194289029274,0,2
45,0.8527782142857142805447298351,0.8764816386827458271858140461,0.0005523719047923267676724477117,0.023502593575865767,1.122778214285714286165233897,0.3004474999999999889180269863,0.7649999999999999907712711119,0.7800000000000000301147995394,0.1160000000000000024147350782,-0.05000000000000000277555756156,0.2700000000000000056205040619,0.6000000000000000194289029274,0,2
45,0.8589218571428571380633422086,0.8764248109107720773828287003,0.0005515757283709980977819446515,0.023485649413439648,1.138921857142857143892013088,0.3004529999999999889184728102,0.7599999999999999906671877034,0.7750000000000000300107161308,0.1180000000000000024563684416,0,0.2800000000000000058286708790,0.5950000000000000193248195188,0,2
45,0.8589218571428571380633422086,0.8763683497695852549979271310,0.0005507783231342351314966375181,0.023468666837599343,1.138921857142857143892013088,0.3004529999999999889184728102,0.7599999999999999906671877034,0.7750000000000000300107161308,0.1180000000000000024563684416,0,0.2800000000000000058286708790,0.5950000000000000193248195188,0,2
45,0.8579226428571428523283035017,0.8763090388148828678510794666,0.0005500943399611822802142744331,0.023454090047605392,1.147922642857142858365141198,0.3004584999999999889189186341,0.7549999999999999905631042949,0.7700000000000000299066327222,0.1200000000000000024980018050,0,0.2900000000000000060368376961,0.5900000000000000192207361102,0,2
45,0.8579226428571428523283035017,0.8762501080586080601090192872,0.0005494078067584570746021319587,0.02343944979641069,1.147922642857142858365141198,0.3004584999999999889189186341,0.7549999999999999905631042949,0.7700000000000000299066327222,0.1200000000000000024980018050,0,0.2900000000000000060368376961,0.5900000000000000192207361102,0,2
45,0.8579226428571428523283035017,0.8761915538566864460266527831,0.0005487188141142103903631181696,0.023424747898626582,1.147922642857142858365141198,0.3004584999999999889189186341,0.7549999999999999905631042949,0.7700000000000000299066327222,0.1200000000000000024980018050,0,0.2900000000000000060368376961,0.5900000000000000192207361102,0,2
45,0.8569234285714285665932647949,0.8761301904003639687036165156,0.0005481461417761187967399195229,0.023412521046997883,1.156923428571428572838269308,0.3004639999999999889193644580,0.7499999999999999904590208864,0.7650000000000000298025493136,0.1220000000000000025396351684,0,0.3000000000000000062450045132,0.5850000000000000191166527016,0,2
45,0.8569234285714285665932647949,0.8760692165532879833000915895,0.0005475696816353892528660601235,0.02340020687163661,1.156923428571428572838269308,0.3004639999999999889193644580,0.7499999999999999904590208864,0.7650000000000000298025493136,0.1220000000000000025396351684,0,0.3000000000000000062450045132,0.5850000000000000191166527016,0,2
45,0.8569234285714285665932647949,0.8760086286166365294497535301,0.0005469895397971937363299684063,0.02338780750299595,1.156923428571428572838269308,0.3004639999999999889193644580,0.7499999999999999904590208864,0.7650000000000000298025493136,0.1220000000000000025396351684,0,0.3000000000000000062450045132,0.5850000000000000191166527016,0,2
45,0.8559241428571428522867635656,0.8759452706173952244744759593,0.0005465285177687872834368977956,0.02337794939186898,1.165924142857142858739934896,0.3004689999999999889195726248,0.7449999999999999903549374779,0.7600000000000000296984659050,0.1240000000000000025812685318,0,0.3100000000000000064531713303,0.5800000000000000190125692930,0,2
45,0.8559241428571428522867635656,0.8758823110961365692160240336,0.0005460624799124576931240624119,0.02336797979955601,1.165924142857142858739934896,0.3004689999999999889195726248,0.7449999999999999903549374779,0.7600000000000000296984659050,0.1240000000000000025812685318,0,0.3100000000000000064531713303,0.5800000000000000190125692930,0,2
45,0.8559241428571428522867635656,0.8758197463054187205736125589,0.0005455915474881899468157804906,0.023357901179005575,1.165924142857142858739934896,0.3004689999999999889195726248,0.7449999999999999903549374779,0.7600000000000000296984659050,0.1240000000000000025812685318,0,0.3100000000000000064531713303,0.5800000000000000190125692930,0,2
45,0.8549247857142857094087998139,0.8757544495535714299137225191,0.0005452424329512195005509186147,0.02335042682588949,1.174924785714285716070137961,0.3004734999999999889195431345,0.7399999999999999902508540694,0.7550000000000000295943824964,0.1260000000000000026229018952,0,0.3200000000000000066613381474,0.5750000000000000189084858844,0,2
47,0.8549247857142857094087998139,0.8756895596350689821862928533,0.0005448870852971074184018044769,0.023342816567353382,1.174924785714285716070137961,0.3004734999999999889195431345,0.7399999999999999902508540694,0.7550000000000000295943824964,0.1260000000000000026229018952,0,0.3200000000000000066613381474,0.5750000000000000189084858844,0,2
47,0.8549247857142857094087998139,0.8756250727595385993515801419,0.0005445256405718240556764502916,0.023335073185482492,1.174924785714285716070137961,0.3004734999999999889195431345,0.7399999999999999902508540694,0.7550000000000000295943824964,0.1260000000000000026229018952,0,0.3200000000000000066613381474,0.5750000000000000189084858844,0,2
47,0.8539253571428571379594509826,0.8755578909774436103070224666,0.0005442886154310584347776360028,0.02332999390122206,1.183925357142857144828955947,0.3004774999999999889198180882,0.7349999999999999901467706609,0.7500000000000000294902990878,0.1280000000000000026645352586,0,0.3300000000000000068695049645,0.5700000000000000188044024758,0,2
49,0.8539253571428571379594509826,0.8754911238977072323059497151,0.0005440441514813471358101361821,0.023324754049750387,1.183925357142857144828955947,0.3004774999999999889198180882,0.7349999999999999901467706609,0.7500000000000000294902990878,0.1280000000000000026645352586,0,0.3300000000000000068695049645,0.5700000000000000188044024758,0,2
49,0.8539253571428571379594509826,0.8754247676923076935541143345,0.0005437923991813239933639844877,0.02331935674887547,1.183925357142857144828955947,0.3004774999999999889198180882,0.7349999999999999901467706609,0.7500000000000000294902990878,0.1280000000000000026645352586,0,0.3300000000000000068695049645,0.5700000000000000188044024758,0,2
49,0.8514972857142857177632726803,0.8753513705083260310516884399,0.0005438697763659250403034703960,0.02332101576616947,1.191497285714285724840944462,0.3004809999999999889198553848,0.7299999999999999900426872524,0.7450000000000000293862156792,0.1300000000000000027061686220,0,0.3400000000000000070776717816,0.5650000000000000187003190672,0,2
51,0.8514972857142857177632726803,0.8752784222367846233657911440,0.0005439360536684810228743295489,0.023322436700921302,1.191497285714285724840944462,0.3004809999999999889198553848,0.7299999999999999900426872524,0.7450000000000000293862156792,0.1300000000000000027061686220,0,0.3400000000000000070776717816,0.5650000000000000187003190672,0,2
51,0.8514972857142857177632726803,0.8752059187717770047511493195,0.0005439914293629514119847484634,0.02332362384714158,1.191497285714285724840944462,0.3004809999999999889198553848,0.7299999999999999900426872524,0.7450000000000000293862156792,0.1300000000000000027061686220,0,0.3400000000000000070776717816,0.5650000000000000187003190672,0,2
51,0.8490692142857142891412946384,0.8751264759009986986246755970,0.0005444017316532992018354135751,0.02333241804128537,1.199069214285714296427133237,0.3004844999999999889198926814,0.7249999999999999899386038439,0.7400000000000000292821322706,0.1320000000000000027478019854,0,0.3500000000000000072858385987,0.5600000000000000185962356586,0,2
52,0.8490692142857142891412946384,0.8750475145021645034444229273,0.0005447970963517316807732232627,0.02334088893662218,1.199069214285714296427133237,0.3004844999999999889198926814,0.7249999999999999899386038439,0.7400000000000000292821322706,0.1320000000000000027478019854,0,0.3500000000000000072858385987,0.5600000000000000185962356586,0,2
52,0.8490692142857142891412946384,0.8749690302114803638241717843,0.0005451777711814502134360480520,0.023349042189808347,1.199069214285714296427133237,0.3004844999999999889198926814,0.7249999999999999899386038439,0.7400000000000000292821322706,0.1320000000000000027478019854,0,0.3500000000000000072858385987,0.5600000000000000185962356586,0,2
52,0.8466411428571428605193165967,0.8748837052495697086937354735,0.0005459382066010546505463613262,0.02336532059700989,1.206641142857142868013322012,0.3004879999999999889199299780,0.7199999999999999898345204354,0.7350000000000000291780488620,0.1340000000000000027894353488,0,0.3600000000000000074940054158,0.5550000000000000184921522500,0,2
53,0.8466411428571428605193165967,0.8747988927498927511917101916,0.0005466797101218402416247919751,0.02338118282127404,1.206641142857142868013322012,0.3004879999999999889199299780,0.7199999999999999898345204354,0.7350000000000000291780488620,0.1340000000000000027894353488,0,0.3600000000000000074940054158,0.5550000000000000184921522500,0,2
53,0.8466411428571428605193165967,0.8747145881094952964292179952,0.0005474025802362563772006070757,0.023396636088041725,1.206641142857142868013322012,0.3004879999999999889199299780,0.7199999999999999898345204354,0.7350000000000000291780488620,0.1340000000000000027894353488,0,0.3600000000000000074940054158,0.5550000000000000184921522500,0,2
53,0.8442130714285714318973385549,0.8746235388059701505649437284,0.0005485291293284222736931329501,0.023420698736980976,1.214213071428571439599510788,0.3004914999999999889199672746,0.7149999999999999897304370269,0.7300000000000000290739654534,0.1360000000000000028310687122,0,0.3700000000000000077021722329,0.5500000000000000183880688414,0,2
55,0.8442130714285714318973385549,0.8745330314625850353308139512,0.0005496326139925167972603396932,0.023444244794672248,1.214213071428571439599510788,0.3004914999999999889199672746,0.7149999999999999897304370269,0.7300000000000000290739654534,0.1360000000000000028310687122,0,0.3700000000000000077021722329,0.5500000000000000183880688414,0,2
55,0.8442130714285714318973385549,0.8744430612547689712256701074,0.0005507133845293105359451678674,0.023467283279691973,1.214213071428571439599510788,0.3004914999999999889199672746,0.7149999999999999897304370269,0.7300000000000000290739654534,0.1360000000000000028310687122,0,0.3700000000000000077021722329,0.5500000000000000183880688414,0,2
55,0.8442130714285714318973385549,0.8743536234150464932986632095,0.0005517717853858788650397755399,0.023489823017338356,1.214213071428571439599510788,0.3004914999999999889199672746,0.7149999999999999897304370269,0.7300000000000000290739654534,0.1360000000000000028310687122,0,0.3700000000000000077021722329,0.5500000000000000183880688414,0,2
55,0.8442130714285714318973385549,0.8742647132321955344154734614,0.0005528081552670217819613575310,0.023511872644836732,1.214213071428571439599510788,0.3004914999999999889199672746,0.7149999999999999897304370269,0.7300000000000000290739654534,0.1360000000000000028310687122,0,0.3700000000000000077021722329,0.5500000000000000183880688414,0,2
55,0.8417850000000000032753605131,0.8741691846638655475591790115,0.0005542667648584227305891538729,0.023542870786257625,1.221785000000000011185699563,0.3004949999999999889200045712,0.7099999999999999896263536184,0.7250000000000000289698820448,0.1380000000000000028727020756,0,0.3800000000000000079103390500,0.5450000000000000182839854328,0,2
55,0.8417850000000000032753605131,0.8740742163803938010950035906,0.0005556988080537349546942209003,0.02357326468806845,1.221785000000000011185699563,0.3004949999999999889200045712,0.7099999999999999896263536184,0.7250000000000000289698820448,0.1380000000000000028727020756,0,0.3800000000000000079103390500,0.5450000000000000182839854328,0,2
55,0.8393568571428571460819199489,0.8739727036340852143844390184,0.0005575776326743505442061675588,0.023613081812299524,1.229356857142857154200425816,0.3004979999999999889198042106,0.7049999999999999895222702099,0.7200000000000000288657986362,0.1400000000000000029143354390,0,0.3900000000000000081185058671,0.5400000000000000181799020242,0,2
55,0.8393568571428571460819199489,0.8738717827988338205993004787,0.0005594251617133104460473711458,0.023652170338328584,1.229356857142857154200425816,0.3004979999999999889198042106,0.7049999999999999895222702099,0.7200000000000000288657986362,0.1400000000000000029143354390,0,0.3900000000000000081185058671,0.5400000000000000181799020242,0,2
55,0.8393568571428571460819199489,0.8737714487126245860803546049,0.0005612418447109866021633999340,0.023690543360399875,1.229356857142857154200425816,0.3004979999999999889198042106,0.7049999999999999895222702099,0.7200000000000000288657986362,0.1400000000000000029143354390,0,0.3900000000000000081185058671,0.5400000000000000181799020242,0,2
55,0.8369287142857142888884793846,0.8736646581780538315957404739,0.0005635267366789580002769839272,0.023738718092579433,1.236928714285714297215152069,0.3005009999999999889196038500,0.6999999999999999894181868014,0.7150000000000000287617152276,0.1420000000000000029559688024,0,0.4000000000000000083266726842,0.5350000000000000180758186156,0,2
55,0.8369287142857142888884793846,0.8735584849298100756919622627,0.0005657759082418484727386707038,0.023786044400905513,1.236928714285714297215152069,0.3005009999999999889196038500,0.6999999999999999894181868014,0.7150000000000000287617152276,0.1420000000000000029559688024,0,0.4000000000000000083266726842,0.5350000000000000180758186156,0,2
55,0.8369287142857142888884793846,0.8734529236311239206867649058,0.0005679898620172532560568159357,0.02383253788452361,1.236928714285714297215152069,0.3005009999999999889196038500,0.6999999999999999894181868014,0.7150000000000000287617152276,0.1420000000000000029559688024,0,0.4000000000000000083266726842,0.5350000000000000180758186156,0,2
55,0.8345005714285714316950388203,0.8733409915845648618103518997,0.0005706927021778189096605974046,0.023889175418540902,1.244500571428571440229878322,0.3005039999999999889194034894,0.6949999999999999893141033929,0.7100000000000000286576318190,0.1440000000000000029976021658,0,0.4100000000000000085348395013,0.5300000000000000179717352070,0,2
55,0.8345005714285714316950388203,0.8732297009823986915234885384,0.0005733553175755819961256092393,0.02394483905929589,1.244500571428571440229878322,0.3005039999999999889194034894,0.6949999999999999893141033929,0.7100000000000000286576318190,0.1440000000000000029976021658,0,0.4100000000000000085348395013,0.5300000000000000179717352070,0,2
55,0.8345005714285714316950388203,0.8731190463265306136382643963,0.0005759782641066354859886850563,0.02399954716461616,1.244500571428571440229878322,0.3005039999999999889194034894,0.6949999999999999893141033929,0.7100000000000000286576318190,0.1440000000000000029976021658,0,0.4100000000000000085348395013,0.5300000000000000179717352070,0,2
55,0.8345005714285714316950388203,0.8730090221815221829204774288,0.0005785620889365095537750116416,0.024053317628479228,1.244500571428571440229878322,0.3005039999999999889194034894,0.6949999999999999893141033929,0.7100000000000000286576318190,0.1440000000000000029976021658,0,0.4100000000000000085348395013,0.5300000000000000179717352070,0,2
55,0.8345005714285714316950388203,0.8728996231737013001044960690,0.0005811073306580682232034195526,0.024106167896579253,1.244500571428571440229878322,0.3005039999999999889194034894,0.6949999999999999893141033929,0.7100000000000000286576318190,0.1440000000000000029976021658,0,0.4100000000000000085348395013,0.5300000000000000179717352070,0,2
55,0.8345005714285714316950388203,0.8727908439902873344716080881,0.0005836145194461487487003094133,0.02415811498122626,1.244500571428571440229878322,0.3005039999999999889194034894,0.6949999999999999893141033929,0.7100000000000000286576318190,0.1440000000000000029976021658,0,0.4100000000000000085348395013,0.5300000000000000179717352070,0,2
55,0.8009291428571428574611717134,0.8725878448345439884913526181,0.0005964714546146228843435856065,0.02442276508945338,0.8009291428571428574611717134,0.3005039999999999889194034894,0.7199999999999999837629882697,0.6500000000000000256739074403,0.1440000000000000029976021658,-0.1000000000000000055511151231,0,0.4300000000000000124206200839,0,3
55,0.8009291428571428574611717134,0.8723859893360160979814084465,0.0006091745798374134087033800490,0.024681462271053015,0.8009291428571428574611717134,0.3005039999999999889194034894,0.7199999999999999837629882697,0.6500000000000000256739074403,0.1440000000000000029976021658,-0.1000000000000000055511151231,0,0.4300000000000000124206200839,0,3
55,0.8009291428571428574611717134,0.8721852678571428585417448601,0.0006217258741356668124822888421,0.024934431498144626,0.8009291428571428574611717134,0.3005039999999999889194034894,0.7199999999999999837629882697,0.6500000000000000256739074403,0.1440000000000000029976021658,-0.1000000000000000055511151231,0,0.4300000000000000124206200839,0,3
55,0.8009291428571428574611717134,0.8719856708683473403314351314,0.0006341272867375475421440144373,0.025181884098247048,0.8009291428571428574611717134,0.3005039999999999889194034894,0.7199999999999999837629882697,0.6500000000000000256739074403,0.1440000000000000029976021658,-0.1000000000000000055511151231,0,0.4300000000000000124206200839,0,3
55,0.8009291428571428574611717134,0.8717871889465283333960433341,0.0006463807376003071197889747765,0.025424018911263953,0.8009291428571428574611717134,0.3005039999999999889194034894,0.7199999999999999837629882697,0.6500000000000000256739074403,0.1440000000000000029976021658,-0.1000000000000000055511151231,0,0.4300000000000000124206200839,0,3
55,0.8127867142857142867750333097,0.8716228422204536424583803535,0.0006542228245439079822951470474,0.02557777989865242,0.8227867142857142869832001268,0.3005069999999999889192031288,0.7149999999999999836589048612,0.6450000000000000255698240317,0.1460000000000000030392355292,0,0.01000000000000000020816681712,0.4250000000000000123165366753,0,3
57,0.8127867142857142867750333097,0.8714594085317460331370377228,0.0006619679973926424790046011292,0.02572873874469253,0.8227867142857142869832001268,0.3005069999999999889192031288,0.7149999999999999836589048612,0.6450000000000000255698240317,0.1460000000000000030392355292,0,0.01000000000000000020816681712,0.4250000000000000123165366753,0,3
57,0.8127867142857142867750333097,0.8712968802928373579393590402,0.0006696175030125551041391029590,0.025876968582362096,0.8227867142857142869832001268,0.3005069999999999889192031288,0.7149999999999999836589048612,0.6450000000000000255698240317,0.1460000000000000030392355292,0,0.01000000000000000020816681712,0.4250000000000000123165366753,0,3
57,0.8103585714285714295815927454,0.8711285424230465680820171442,0.0006779693590116070227846139246,0.026037844745900283,0.8303585714285714299979263796,0.3005099999999999889190027682,0.7099999999999999835548214527,0.6400000000000000254657406231,0.1480000000000000030808688926,0,0.02000000000000000041633363424,0.4200000000000000122124532667,0,3
58,0.8103585714285714295815927454,0.8709611320346320360200325039,0.0006862192240060963943415525149,0.02619578637884529,0.8303585714285714299979263796,0.3005099999999999889190027682,0.7099999999999999835548214527,0.6400000000000000254657406231,0.1480000000000000030808688926,0,0.02000000000000000041633363424,0.4200000000000000122124532667,0,3
58,0.8103585714285714295815927454,0.8707946414835164849034433835,0.0006943683980162066416708049379,0.02635087091570612,0.8303585714285714299979263796,0.3005099999999999889190027682,0.7099999999999999835548214527,0.6400000000000000254657406231,0.1480000000000000030808688926,0,0.02000000000000000041633363424,0.4200000000000000122124532667,0,3
58,0.8103585714285714295815927454,0.8706290632093933477655752995,0.0007024181618010995615421281619,0.026503172674249766,0.8303585714285714299979263796,0.3005099999999999889190027682,0.7099999999999999835548214527,0.6400000000000000254657406231,0.1480000000000000030808688926,0,0.02000000000000000041633363424,0.4200000000000000122124532667,0,3
58,0.8103585714285714295815927454,0.8704643897345823589180780792,0.0007103697771902637664096687552,0.026652763031067974,0.8303585714285714299979263796,0.3005099999999999889190027682,0.7099999999999999835548214527,0.6400000000000000254657406231,0.1480000000000000030808688926,0,0.02000000000000000041633363424,0.4200000000000000122124532667,0,3
58,0.8103585714285714295815927454,0.8703006136629038550234282553,0.0007182244874083352336142866360,0.026799710584413692,0.8303585714285714299979263796,0.3005099999999999889190027682,0.7099999999999999835548214527,0.6400000000000000254657406231,0.1480000000000000030808688926,0,0.02000000000000000041633363424,0.4200000000000000122124532667,0,3
58,0.8079304285714285723881521811,0.8701311294642857156684410921,0.0007267861795391894297763739310,0.02695897215286943,0.8379304285714285730126526325,0.3005129999999999889188024076,0.7049999999999999834507380442,0.6350000000000000253616572145,0.1500000000000000031225022560,0,0.03000000000000000062450045136,0.4150000000000000121083698581,0,3
60,0.8079304285714285723881521811,0.8699625638792102220552153770,0.0007352447151253784307256777477,0.02711539627454075,0.8379304285714285730126526325,0.3005129999999999889188024076,0.7049999999999999834507380442,0.6350000000000000253616572145,0.1500000000000000031225022560,0,0.03000000000000000062450045136,0.4150000000000000121083698581,0,3
60,0.8055022857142857151947116169,0.8697883469111969125772140154,0.0007444270203931828445123737503,0.027284189934707295,0.8455022857142857160273788854,0.3005159999999999889186020470,0.6999999999999999833466546357,0.6300000000000000252575738059,0.1520000000000000031641356194,0,0.04000000000000000083266726848,0.4100000000000000120042864495,0,3
61,0.8055022857142857151947116169,0.8696150691182133244441075399,0.0007534998559064058974441143625,0.0274499518379615,0.8455022857142857160273788854,0.3005159999999999889186020470,0.6999999999999999833466546357,0.6300000000000000252575738059,0.1520000000000000031641356194,0,0.04000000000000000083266726848,0.4100000000000000120042864495,0,3
61,0.8030740714285714294298859733,0.8694361954685099860166499551,0.0007633128442160451044154441210,0.027628116914043294,0.8530740714285714304707200589,0.3005184999999999889187061304,0.6949999999999999832425712272,0.6250000000000000251534903973,0.1540000000000000032057689828,0,0.05000000000000000104083408560,0.4050000000000000119002030409,0,3
61,0.8030740714285714294298859733,0.8692582809268479523528784700,0.0007730099936602695312511580668,0.027803057271822997,0.8530740714285714304707200589,0.3005184999999999889187061304,0.6949999999999999832425712272,0.6250000000000000251534903973,0.1540000000000000032057689828,0,0.05000000000000000104083408560,0.4050000000000000119002030409,0,3
61,0.8030740714285714294298859733,0.8690813177998472129867742120,0.0007825927385262000942585353484,0.02797485904390226,0.8530740714285714304707200589,0.3005184999999999889187061304,0.6949999999999999832425712272,0.6250000000000000251534903973,0.1540000000000000032057689828,0,0.05000000000000000104083408560,0.4050000000000000119002030409,0,3
61,0.8030740714285714294298859733,0.8689052984761904775639558435,0.0007920624924357173466384948112,0.028143604823044923,0.8530740714285714304707200589,0.3005184999999999889187061304,0.6949999999999999832425712272,0.6250000000000000251534903973,0.1540000000000000032057689828,0,0.05000000000000000104083408560,0.4050000000000000119002030409,0,3
61,0.8006458571428571436650603296,0.8687237574088145910376289936,0.0008022820084255735480668587832,0.028324583111240552,0.8606458571428571449140612323,0.3005209999999999889188102138,0.6899999999999999831384878187,0.6200000000000000250494069887,0.1560000000000000032474023462,0,0.06000000000000000124900090272,0.4000000000000000117961196323,0,3
61,0.8006458571428571436650603296,0.8685431794240242529809378300,0.0008123821791537621370457626382,0.028502318838188625,0.8606458571428571449140612323,0.3005209999999999889188102138,0.6899999999999999831384878187,0.6200000000000000250494069887,0.1560000000000000032474023462,0,0.06000000000000000124900090272,0.4000000000000000117961196323,0,3
61,0.8006458571428571436650603296,0.8683635568783068796758693709,0.0008223644666625101981818986339,0.028676897786589647,0.8606458571428571449140612323,0.3005209999999999889188102138,0.6899999999999999831384878187,0.6200000000000000250494069887,0.1560000000000000032474023462,0,0.06000000000000000124900090272,0.4000000000000000117961196323,0,3
61,0.798217642857142857900234686,0.8681784753109687160300233691,0.0008331089352930373307505634660,0.02886362650972738,0.8682176428571428593574024058,0.3005234999999999889189142972,0.6849999999999999830344044102,0.6150000000000000249453235801,0.1580000000000000032890357096,0,0.07000000000000000145716771984,0.3950000000000000116920362237,0,3
61,0.798217642857142857900234686,0.8679943678571428585086291884,0.00084372915217838624589307133,0.02904701623537926,0.8682176428571428593574024058,0.3005234999999999889189142972,0.6849999999999999830344044102,0.6150000000000000249453235801,0.1580000000000000032890357096,0,0.07000000000000000145716771984,0.3950000000000000116920362237,0,3
61,0.798217642857142857900234686,0.8678112268466441708429903577,0.0008542266266674292570085596743,0.029227155637650222,0.8682176428571428593574024058,0.3005234999999999889189142972,0.6849999999999999830344044102,0.6150000000000000249453235801,0.1580000000000000032890357096,0,0.07000000000000000145716771984,0.3950000000000000116920362237,0,3
61,0.7957894285714285721354090423,0.8676226881077038158725516631,0.0008654983296751215318459920432,0.029419352978526252,0.8757894285714285738007435793,0.3005259999999999889190183806,0.6799999999999999829303210017,0.6100000000000000248412401715,0.1600000000000000033306690730,0,0.08000000000000000166533453696,0.3900000000000000115879528151,0,3
62,0.7957894285714285721354090423,0.8674351339052592329907314473,0.0008766409113020326798219394883,0.029608122387311774,0.8757894285714285738007435793,0.3005259999999999889190183806,0.6799999999999999829303210017,0.6100000000000000248412401715,0.1600000000000000033306690730,0,0.08000000000000000166533453696,0.3900000000000000115879528151,0,3
62,0.7957894285714285721354090423,0.8672485565476190489780873784,0.0008876559270828023042878481552,0.029793555126617608,0.8757894285714285738007435793,0.3005259999999999889190183806,0.6799999999999999829303210017,0.6100000000000000248412401715,0.1600000000000000033306690730,0,0.08000000000000000166533453696,0.3900000000000000115879528151,0,3
62,0.7933612142857142863705833986,0.8670566413729128028414445109,0.0008994568622684692926345728787,0.029990946338327995,0.8833612142857142882440847527,0.3005284999999999889191224640,0.6749999999999999828262375932,0.6050000000000000247371567629,0.1620000000000000033723024364,0,0.09000000000000000187350135408,0.3850000000000000114838694065,0,3
63,0.7933612142857142863705833986,0.8668657205773501123842661142,0.0009111238456438803326306668596,0.030184828070470772,0.8833612142857142882440847527,0.3005284999999999889191224640,0.6749999999999999828262375932,0.6050000000000000247371567629,0.1620000000000000033723024364,0,0.09000000000000000187350135408,0.3850000000000000114838694065,0,3
63,0.7933612142857142863705833986,0.8666757864525655236865563398,0.0009226584778050290607913661837,0.030375293871912238,0.8833612142857142882440847527,0.3005284999999999889191224640,0.6749999999999999828262375932,0.6050000000000000247371567629,0.1620000000000000033723024364,0,0.09000000000000000187350135408,0.3850000000000000114838694065,0,3
63,0.790933000000000000605757755,0.866480573085419736255935725,0.0009349903781176368117600522928,0.030577612367835995,0.8909330000000000026874259262,0.3005309999999999889192265474,0.6699999999999999827221541847,0.6000000000000000246330733543,0.1640000000000000034139357998,0,0.1000000000000000020816681712,0.3800000000000000113797859979,0,3
63,0.790933000000000000605757755,0.8662863633859713564727733139,0.0009471835374890008521449176951,0.030776347045889003,0.8909330000000000026874259262,0.3005309999999999889192265474,0.6699999999999999827221541847,0.6000000000000000246330733543,0.1640000000000000034139357998,0,0.1000000000000000020816681712,0.3800000000000000113797859979,0,3
63,0.790933000000000000605757755,0.8660931496336996350474732741,0.0009592396004517473096864562836,0.03097159344385993,0.8909330000000000026874259262,0.3005309999999999889192265474,0.6699999999999999827221541847,0.6000000000000000246330733543,0.1640000000000000034139357998,0,0.1000000000000000020816681712,0.3800000000000000113797859979,0,3
63,0.7885047857142857148409321113,0.8658947139203507503410626829,0.0009721039518258858090576108627,0.031178581619853808,0.8985047857142857171307670996,0.3005334999999999889193306308,0.6649999999999999826180707762,0.5950000000000000245289899457,0.1660000000000000034555691632,0,0.1100000000000000022898349883,0.3750000000000000112757025893,0,3
64,0.7885047857142857148409321113,0.8656972906341107885158072477,0.0009848248162747922692487250020,0.03138191862003967,0.8985047857142857171307670996,0.3005334999999999889193306308,0.6649999999999999826180707762,0.5950000000000000245289899457,0.1660000000000000034555691632,0,0.1100000000000000022898349883,0.3750000000000000112757025893,0,3
64,0.7885047857142857148409321113,0.8655008720465285364199424254,0.0009974038811455490060616940489,0.03158170168223285,0.8985047857142857171307670996,0.3005334999999999889193306308,0.6649999999999999826180707762,0.5950000000000000245289899457,0.1660000000000000034555691632,0,0.1100000000000000022898349883,0.3750000000000000112757025893,0,3
64,0.7860765714285714290761064676,0.8652992875271936199038413190,0.001010801939178283378229591329,0.03179311150514028,0.9060765714285714315741082730,0.3005359999999999889194347142,0.6599999999999999825139873677,0.5900000000000000244249065371,0.1680000000000000034972025266,0,0.1200000000000000024980018054,0.3700000000000000111716191807,0,3
66,0.7860765714285714290761064676,0.8650987236889692599270622435,0.001024051809073694048177759613,0.032000809506537393,0.9060765714285714315741082730,0.3005359999999999889194347142,0.6599999999999999825139873677,0.5900000000000000244249065371,0.1680000000000000034972025266,0,0.1200000000000000024980018054,0.3700000000000000111716191807,0,3
66,0.7836483571428571433112808239,0.8648930409451659465012648157,0.001038134250581430018789075099,0.0322200907910178,0.9136483571428571460174494464,0.3005384999999999889195387976,0.6549999999999999824099039592,0.5850000000000000243208231285,0.1700000000000000035388358900,0,0.1300000000000000027061686225,0.3650000000000000110675357721,0,3
67,0.7836483571428571433112808239,0.8646883943864699545536829919,0.001052062092863205135952991225,0.03243550666882213,0.9136483571428571460174494464,0.3005384999999999889195387976,0.6549999999999999824099039592,0.5850000000000000243208231285,0.1700000000000000035388358900,0,0.1300000000000000027061686225,0.3650000000000000110675357721,0,3
67,0.7836483571428571433112808239,0.8644847762024407766359885141,0.001065837129429821746419207521,0.032647161123592686,0.9136483571428571460174494464,0.3005384999999999889195387976,0.6549999999999999824099039592,0.5850000000000000243208231285,0.1700000000000000035388358900,0,0.1300000000000000027061686225,0.3650000000000000110675357721,0,3
67,0.7812201428571428575464551803,0.8642760929108485512748618642,0.001080454807900733608781384995,0.032870272403810914,0.9212201428571428604607906199,0.3005409999999999889196428810,0.6499999999999999823058205507,0.5800000000000000242167397199,0.1720000000000000035804692534,0,0.1400000000000000029143354396,0.3600000000000000109634523635,0,3
68,0.7812201428571428575464551803,0.8640684530357142870405408475,0.001094913277129593730578496684,0.03308947381161559,0.9212201428571428604607906199,0.3005409999999999889196428810,0.6499999999999999823058205507,0.5800000000000000242167397199,0.1720000000000000035804692534,0,0.1400000000000000029143354396,0.3600000000000000109634523635,0,3
68,0.7812201428571428575464551803,0.8638618487709298196353186888,0.001109214370095207838339135585,0.03330487006573075,0.9212201428571428604607906199,0.3005409999999999889196428810,0.6499999999999999823058205507,0.5800000000000000242167397199,0.1720000000000000035804692534,0,0.1400000000000000029143354396,0.3600000000000000109634523635,0,3
68,0.778792000000000000353014616,0.8636502322316986509306363403,0.001124367865635988166460903360,0.03353159503566731,0.9287920000000000034755168727,0.3005439999999999889194425204,0.6449999999999999822017371422,0.5750000000000000241126563113,0.1740000000000000036221026168,0,0.1500000000000000031225022567,0.3550000000000000108593689549,0,3
70,0.778792000000000000353014616,0.8634396658986175128398730109,0.001139357591383998057183718107,0.033754371441103714,0.9287920000000000034755168727,0.3005439999999999889194425204,0.6449999999999999822017371422,0.5750000000000000241126563113,0.1740000000000000036221026168,0,0.1500000000000000031225022567,0.3550000000000000108593689549,0,3
70,0.778792000000000000353014616,0.8632301419731258853337174208,0.001154185418682240050409685932,0.033973304500478606,0.9287920000000000034755168727,0.3005439999999999889194425204,0.6449999999999999822017371422,0.5750000000000000241126563113,0.1740000000000000036221026168,0,0.1500000000000000031225022567,0.3550000000000000108593689549,0,3
70,0.7763639285714285717310365741,0.8630156574955908302384021595,0.001169875138946102416107853960,0.03420343753113278,0.9363639285714285750617056479,0.3005474999999999889194798170,0.6399999999999999820976537337,0.5700000000000000240085729027,0.1760000000000000036637359802,0,0.1600000000000000033306690738,0.3500000000000000107552855463,0,3
71,0.7763639285714285717310365741,0.8628022295918367360056253970,0.001185396579203118654228931176,0.03442958871672908,0.9363639285714285750617056479,0.3005474999999999889194798170,0.6399999999999999820976537337,0.5700000000000000240085729027,0.1760000000000000036637359802,0,0.1600000000000000033306690738,0.3500000000000000107552855463,0,3
71,0.7763639285714285717310365741,0.8625898504738504751597418865,0.001200751648069751191495670015,0.03465186355839684,0.9363639285714285750617056479,0.3005474999999999889194798170,0.6399999999999999820976537337,0.5700000000000000240085729027,0.1760000000000000036637359802,0,0.1600000000000000033306690738,0.3500000000000000107552855463,0,3
71,0.7739359285714285716805210549,0.8623725614495798332394496787,0.001216977840194151077518462667,0.03488520947613976,0.9439359285714285752193569458,0.3005514999999999889197547707,0.6349999999999999819935703252,0.5650000000000000239044894941,0.1780000000000000037053693436,0,0.1700000000000000035388358909,0.3450000000000000106512021377,0,3
71,0.7739359285714285716805210549,0.8621563349633251846781809046,0.001233031293161772695350788708,0.035114545321871575,0.9439359285714285752193569458,0.3005514999999999889197547707,0.6349999999999999819935703252,0.5650000000000000239044894941,0.1780000000000000037053693436,0,0.1700000000000000035388358909,0.3450000000000000106512021377,0,3
71,0.7739359285714285716805210549,0.8619411632404181197684305149,0.001248913951786119395834344015,0.03533997668061086,0.9439359285714285752193569458,0.3005514999999999889197547707,0.6349999999999999819935703252,0.5650000000000000239044894941,0.1780000000000000037053693436,0,0.1700000000000000035388358909,0.3450000000000000106512021377,0,3
71,0.771508000000000000201390615,0.8617211312130691705724036538,0.001265676713565876854732268986,0.03557635048126602,0.9515080000000000039483933230,0.3005559999999999889197252804,0.6299999999999999818894869167,0.5600000000000000238004060855,0.1800000000000000037470027070,0,0.1800000000000000037470027080,0.3400000000000000105471187291,0,3
71,0.771508000000000000201390615,0.8615021673023578376346099328,0.001282262328699078057810268923,0.03580869068674639,0.9515080000000000039483933230,0.3005559999999999889197252804,0.6299999999999999818894869167,0.5600000000000000238004060855,0.1800000000000000037470027070,0,0.1800000000000000037470027080,0.3400000000000000105471187291,0,3
71,0.771508000000000000201390615,0.8612842637495676249531735663,0.001298672777135235084289794606,0.036037102784980304,0.9515080000000000039483933230,0.3005559999999999889197252804,0.6299999999999999818894869167,0.5600000000000000238004060855,0.1800000000000000037470027070,0,0.1800000000000000037470027080,0.3400000000000000105471187291,0,3
71,0.7690801428571428572937226974,0.8610615484817115264805661971,0.001315972067481940875901795507,0.036276329299998654,0.9590801428571428612488922225,0.3005609999999999889199334472,0.6249999999999999817854035082,0.5550000000000000236963226769,0.1820000000000000037886360704,0,0.1900000000000000039551695251,0.3350000000000000104430353205,0,3
72,0.7690801428571428572937226974,0.8608399065404475055909593453,0.001333089855828287800624949781,0.03651150306175148,0.9590801428571428612488922225,0.3005609999999999889199334472,0.6249999999999999817854035082,0.5550000000000000236963226769,0.1820000000000000037886360704,0,0.1900000000000000039551695251,0.3350000000000000104430353205,0,3
72,0.7690801428571428572937226974,0.8606193301854395617248602188,0.001350028156215058733663327254,0.03674272929730532,0.9590801428571428612488922225,0.3005609999999999889199334472,0.6249999999999999817854035082,0.5550000000000000236963226769,0.1820000000000000037886360704,0,0.1900000000000000039551695251,0.3350000000000000104430353205,0,3
72,0.7690801428571428572937226974,0.8603998117505995216662723590,0.001366788956624160647309319606,0.03697010896148618,0.9590801428571428612488922225,0.3005609999999999889199334472,0.6249999999999999817854035082,0.5550000000000000236963226769,0.1820000000000000037886360704,0,0.1900000000000000039551695251,0.3350000000000000104430353205,0,3
72,0.7690801428571428572937226974,0.8601813436431989076366729579,0.001383374219370660979552336724,0.03719373898078359,0.9590801428571428612488922225,0.3005609999999999889199334472,0.6249999999999999817854035082,0.5550000000000000236963226769,0.1820000000000000037886360704,0,0.1900000000000000039551695251,0.3350000000000000104430353205,0,3
72,0.7690801428571428572937226974,0.8599639183429935232683126947,0.001399785881488063961596652044,0.03741371247935794,0.9590801428571428612488922225,0.3005609999999999889199334472,0.6249999999999999817854035082,0.5550000000000000236963226769,0.1820000000000000037886360704,0,0.1900000000000000039551695251,0.3350000000000000104430353205,0,3
72,0.7690801428571428572937226974,0.8597475284013605454921827186,0.001416025855106958606010879907,0.03763011898874303,0.9590801428571428612488922225,0.3005609999999999889199334472,0.6249999999999999817854035082,0.5550000000000000236963226769,0.1820000000000000037886360704,0,0.1900000000000000039551695251,0.3350000000000000104430353205,0,3
72,0.7940801428571428576902309206,0.8595915488632507647610616929,0.001422856540289358018252878381,0.03772077067464765,0.9840801428571428616454004457,0.3005609999999999889199334472,0.7499999999999999817854035082,0.5550000000000000236963226769,0.1820000000000000037886360704,-0.05000000000000000277555756156,0.1900000000000000039551695251,0.4350000000000000159941504437,0,3
72,0.7940801428571428576902309206,0.8594363085646580919954910038,0.001429606710563525867231222943,0.03781014031398886,0.9840801428571428616454004457,0.3005609999999999889199334472,0.7499999999999999817854035082,0.5550000000000000236963226769,0.1820000000000000037886360704,-0.05000000000000000277555756156,0.1900000000000000039551695251,0.4350000000000000159941504437,0,3
72,0.8240801428571428593060019297,0.8593527242485646753697475307,0.001429168290439296436286851668,0.03780434221672553,1.014080142857142863261171455,0.3005609999999999889199334472,0.7999999999999999845609610698,0.5650000000000000239044894940,0.1820000000000000037886360704,-0.1000000000000000055511151231,0.1900000000000000039551695251,0.6350000000000000270963806900,0,3
72,0.8240801428571428593060019297,0.8592695341981132088224273759,0.001428718113487665923496885252,0.03779838771016121,1.014080142857142863261171455,0.3005609999999999889199334472,0.7999999999999999845609610698,0.5650000000000000239044894940,0.1820000000000000037886360704,-0.1000000000000000055511151231,0.1900000000000000039551695251,0.6350000000000000270963806900,0,3
72,0.835938071428571431477098695,0.8592146366386554634639677791,0.001426631243780587402020761228,0.03777077234821374,1.035938071428571435640435037,0.3005664999999999889203792711,0.7949999999999999844568776613,0.5600000000000000238004060854,0.1840000000000000038302694338,0,0.2000000000000000041633363422,0.6300000000000000269922972814,0,3
73,0.835938071428571431477098695,0.8591599968142186464874727812,0.001424548207571282188766213284,0.03774318756505977,1.035938071428571435640435037,0.3005664999999999889203792711,0.7949999999999999844568776613,0.5600000000000000238004060854,0.1840000000000000038302694338,0,0.2000000000000000041633363422,0.6300000000000000269922972814,0,3
73,0.833510285714285717140893300,0.8590999272331883585967313773,0.001422745588239887958551007114,0.03771929994366131,1.043510285714285721512396459,0.3005719999999999889208250950,0.7899999999999999843527942528,0.5550000000000000236963226768,0.1860000000000000038719027972,0,0.2100000000000000043715031593,0.6250000000000000268882138728,0,3
75,0.833510285714285717140893300,0.8590401383511348477522083911,0.001420944251294606053290953132,0.037695414194495944,1.043510285714285721512396459,0.3005719999999999889208250950,0.7899999999999999843527942528,0.5550000000000000236963226768,0.1860000000000000038719027972,0,0.2100000000000000043715031593,0.6250000000000000268882138728,0,3
75,0.833510285714285717140893300,0.8589806282051282064221120855,0.001419144237530751065710261639,0.037671530862585755,1.043510285714285721512396459,0.3005719999999999889208250950,0.7899999999999999843527942528,0.5550000000000000236963226768,0.1860000000000000038719027972,0,0.2100000000000000043715031593,0.6250000000000000268882138728,0,3
75,0.831082500000000002804687905,0.8589157488372093036230017967,0.001417645506143084232757644473,0.0376516335122805,1.051082500000000007384357881,0.3005774999999999889212709189,0.7849999999999999842487108443,0.5500000000000000235922392682,0.1880000000000000039135361606,0,0.2200000000000000045796699764,0.6200000000000000267841304642,0,3
75,0.831082500000000002804687905,0.8588511705336426927162307668,0.001416145398386849688813674176,0.03763170735412957,1.051082500000000007384357881,0.3005774999999999889212709189,0.7849999999999999842487108443,0.5500000000000000235922392682,0.1880000000000000039135361606,0,0.2200000000000000045796699764,0.6200000000000000267841304642,0,3
75,0.831082500000000002804687905,0.8587868912037037050081021954,0.001414643981473842756824469144,0.03761175323584162,1.051082500000000007384357881,0.3005774999999999889212709189,0.7849999999999999842487108443,0.5500000000000000235922392682,0.1880000000000000039135361606,0,0.2200000000000000045796699764,0.6200000000000000267841304642,0,3
75,0.8286546428571428598970199876,0.8587173017156054120632729062,0.001413464118832194845053789988,0.03759606520411671,1.058654642857142864684856781,0.3005824999999999889214790857,0.7799999999999999841446274358,0.5450000000000000234881558596,0.1900000000000000039551695240,0,0.2300000000000000047878367935,0.6150000000000000266800470556,0,3
76,0.8286546428571428598970199876,0.8586480329163923647080511253,0.001412280108068172015949331417,0.03758031543332456,1.058654642857142864684856781,0.3005824999999999889214790857,0.7799999999999999841446274358,0.5450000000000000234881558596,0.1900000000000000039551695240,0,0.2300000000000000047878367935,0.6150000000000000266800470556,0,3
76,0.8286546428571428598970199876,0.8585790825944170784900947320,0.001411092043667072209716564070,0.03756450510344935,1.058654642857142864684856781,0.3005824999999999889214790857,0.7799999999999999841446274358,0.5450000000000000234881558596,0.1900000000000000039551695240,0,0.2300000000000000047878367935,0.6150000000000000266800470556,0,3
76,0.8262267142857142884178895476,0.8585048799148099619991034356,0.001410245226998981065430614364,0.037553231911501055,1.066226714285714293413893158,0.3005869999999999889214495954,0.7749999999999999840405440273,0.5400000000000000233840724510,0.1920000000000000039968028874,0,0.2400000000000000049960036106,0.6100000000000000265759636470,0,3
76,0.8262267142857142884178895476,0.8584310168355671801373615272,0.001409391386897661798606637105,0.037541861793172454,1.066226714285714293413893158,0.3005869999999999889214495954,0.7749999999999999840405440273,0.5400000000000000233840724510,0.1920000000000000039968028874,0,0.2400000000000000049960036106,0.6100000000000000265759636470,0,3
76,0.8262267142857142884178895476,0.8583574910306588402019289427,0.001408530645864181907757145070,0.03753039629239454,1.066226714285714293413893158,0.3005869999999999889214495954,0.7749999999999999840405440273,0.5400000000000000233840724510,0.1920000000000000039968028874,0,0.2400000000000000049960036106,0.6100000000000000265759636470,0,3
76,0.8237987142857142883673740283,0.8582787694435405154824880431,0.001408030289503868825980141011,0.03752372968541199,1.073798714285714293571544456,0.3005909999999999889217245491,0.7699999999999999839364606188,0.5350000000000000232799890424,0.1940000000000000040384362508,0,0.2500000000000000052041704277,0.6050000000000000264718802384,0,3
77,0.8237987142857142883673740283,0.8582004056818181831481355111,0.001407519939688889053060156222,0.03751692870810308,1.073798714285714293571544456,0.3005909999999999889217245491,0.7699999999999999839364606188,0.5350000000000000232799890424,0.1940000000000000040384362508,0,0.2500000000000000052041704277,0.6050000000000000264718802384,0,3
77,0.8213706428571428597453959866,0.8581168914804016858161565100,0.001407390159299305066931724185,0.03751519904384495,1.081370642857142865157733231,0.3005944999999999889217618457,0.7649999999999999838323772103,0.5300000000000000231759056338,0.1960000000000000040800696142,0,0.2600000000000000054123372448,0.6000000000000000263677968298,0,3
78,0.8213706428571428597453959866,0.8580337551712992902820597667,0.001407247158496728469258272572,0.037513293090539634,1.081370642857142865157733231,0.3005944999999999889217618457,0.7649999999999999838323772103,0.5300000000000000231759056338,0.1960000000000000040800696142,0,0.2600000000000000054123372448,0.6000000000000000263677968298,0,3
78,0.8213706428571428597453959866,0.8579509941954208333282523993,0.001407091119999065098295818723,0.03751121325682582,1.081370642857142865157733231,0.3005944999999999889217618457,0.7649999999999999838323772103,0.5300000000000000231759056338,0.1960000000000000040800696142,0,0.2600000000000000054123372448,0.6000000000000000263677968298,0,3
78,0.8189425714285714311234179447,0.8578631373873873887286919613,0.001407333731112928788437843149,0.0375144469653083,1.088942571428571436743922007,0.3005979999999999889217991423,0.7599999999999999837282938018,0.5250000000000000230718222252,0.1980000000000000041217029776,0,0.2700000000000000056205040619,0.5950000000000000262637134212,0,3
78,0.8189425714285714311234179447,0.8577756754414125214082306712,0.001407559969845870824394548980,0.03751746219889974,1.088942571428571436743922007,0.3005979999999999889217991423,0.7599999999999999837282938018,0.5250000000000000230718222252,0.1980000000000000041217029776,0,0.2700000000000000056205040619,0.5950000000000000262637134212,0,3
78,0.8189425714285714311234179447,0.8576886057014734158246324363,0.001407770048774191506918949019,0.03752026184309208,1.088942571428571436743922007,0.3005979999999999889217991423,0.7599999999999999837282938018,0.5250000000000000230718222252,0.1980000000000000041217029776,0,0.2700000000000000056205040619,0.5950000000000000262637134212,0,3
78,0.816514500000000002501439903,0.8575964936081815289939317819,0.001408396357834702639561350701,0.037528607192842935,1.096514500000000008330110782,0.3006014999999999889218364389,0.7549999999999999836242103933,0.5200000000000000229677388166,0.2000000000000000041633363410,0,0.2800000000000000058286708790,0.5900000000000000261596300126,0,3
80,0.816514500000000002501439903,0.8575047927295918380865824696,0.001409003071540557386560557989,0.037536689672113564,1.096514500000000008330110782,0.3006014999999999889218364389,0.7549999999999999836242103933,0.5200000000000000229677388166,0.2000000000000000041633363410,0,0.2800000000000000058286708790,0.5900000000000000261596300126,0,3
80,0.816514500000000002501439903,0.8574135003181673573837202367,0.001409590432688630651614746573,0.037544512684127763,1.096514500000000008330110782,0.3006014999999999889218364389,0.7549999999999999836242103933,0.5200000000000000229677388166,0.2000000000000000041633363410,0,0.2800000000000000058286708790,0.5900000000000000261596300126,0,3
80,0.8140864285714285738794618611,0.8573172179365079378648218849,0.001410611123169606714697143889,0.03755810329568849,1.104086428571428579916299557,0.3006049999999999889218737355,0.7499999999999999835201269848,0.5150000000000000228636554080,0.2020000000000000042049697044,0,0.2900000000000000060368376961,0.5850000000000000260555466040,0,3
83,0.8140864285714285738794618611,0.8572213625277161876120827275,0.001411608931161277862133866324,0.03757138447224533,1.104086428571428579916299557,0.3006049999999999889218737355,0.7499999999999999835201269848,0.5150000000000000228636554080,0.2020000000000000042049697044,0,0.2900000000000000060368376961,0.5850000000000000260555466040,0,3
83,0.8140864285714285738794618611,0.8571259312579013920064795841,0.001412584129967334550334215649,0.03758436017770336,1.104086428571428579916299557,0.3006049999999999889218737355,0.7499999999999999835201269848,0.5150000000000000228636554080,0.2020000000000000042049697044,0,0.2900000000000000060368376961,0.5850000000000000260555466040,0,3
83,0.8116583571428571452574838193,0.8570255613371176298723758406,0.001414009293513551750238693035,0.037603314927191614,1.111658357142857151502488332,0.3006084999999999889219110321,0.7449999999999999834160435763,0.5100000000000000227595719994,0.2040000000000000042466030678,0,0.3000000000000000062450045132,0.5800000000000000259514631954,0,3
84,0.8116583571428571452574838193,0.8569256335745752058974531709,0.001415408229685428458711138518,0.03762191156341512,1.111658357142857151502488332,0.3006084999999999889219110321,0.7449999999999999834160435763,0.5100000000000000227595719994,0.2040000000000000042466030678,0,0.3000000000000000062450045132,0.5800000000000000259514631954,0,3
84,0.8116583571428571452574838193,0.8568261450549450563136290624,0.001416781242510012912242811146,0.0376401546557664,1.111658357142857151502488332,0.3006084999999999889219110321,0.7449999999999999834160435763,0.5100000000000000227595719994,0.2040000000000000042466030678,0,0.3000000000000000062450045132,0.5800000000000000259514631954,0,3
84,0.8092302857142857166355057776,0.8567217681704260665336331781,0.001418620408438460003754088440,0.037664577635206,1.119230285714285723088677108,0.3006119999999999889219483287,0.7399999999999999833119601678,0.5050000000000000226554885908,0.2060000000000000042882364312,0,0.3100000000000000064531713303,0.5750000000000000258473797868,0,3
85,0.8092302857142857166355057776,0.8566178480775242276935935120,0.001420429950360322933853199520,0.03768859178001113,1.119230285714285723088677108,0.3006119999999999889219483287,0.7399999999999999833119601678,0.5050000000000000226554885908,0.2060000000000000042882364312,0,0.3100000000000000064531713303,0.5750000000000000258473797868,0,3
85,0.8092302857142857166355057776,0.8565143817841547112939033642,0.001422210203178629216763092084,0.03771220231143534,1.119230285714285723088677108,0.3006119999999999889219483287,0.7399999999999999833119601678,0.5050000000000000226554885908,0.2060000000000000042882364312,0,0.3100000000000000064531713303,0.5750000000000000258473797868,0,3
85,0.8068022142857142880135277357,0.8564060764083411156004820664,0.001424472366434189006010404498,0.03774218285200512,1.126802214285714294674865883,0.3006154999999999889219856253,0.7349999999999999832078767593,0.5000000000000000225514051822,0.2080000000000000043298697946,0,0.3200000000000000066613381474,0.5700000000000000257432963782,0,3
87,0.8068022142857142880135277357,0.8562982419254658398883365135,0.001426701462924799572473549097,0.03777170188017479,1.126802214285714294674865883,0.3006154999999999889219856253,0.7349999999999999832078767593,0.5000000000000000225514051822,0.2080000000000000043298697946,0,0.3200000000000000066613381474,0.5700000000000000257432963782,0,3
87,0.8068022142857142880135277357,0.8561908752711496760014063425,0.001428897858523518592120430216,0.03780076531663768,1.126802214285714294674865883,0.3006154999999999889219856253,0.7349999999999999832078767593,0.5000000000000000225514051822,0.2080000000000000043298697946,0,0.3200000000000000066613381474,0.5700000000000000257432963782,0,3
87,0.804374142857142859391549694,0.8560787178416821287793070857,0.001431591506176783365707286528,0.03783637807952531,1.134374142857142866261054658,0.3006189999999999889220229219,0.7299999999999999831037933508,0.4950000000000000224473217736,0.2100000000000000043715031580,0,0.3300000000000000068695049645,0.5650000000000000256392129696,0,3
87,0.804374142857142859391549694,0.8559670448935513744177784521,0.001434248603443223241584275273,0.037871474798893474,1.134374142857142866261054658,0.3006189999999999889220229219,0.7299999999999999831037933508,0.4950000000000000224473217736,0.2100000000000000043715031580,0,0.3300000000000000068695049645,0.5650000000000000256392129696,0,3
87,0.804374142857142859391549694,0.8558558532943349767560839935,0.001436869547206360466908513442,0.03790606214322929,1.134374142857142866261054658,0.3006189999999999889220229219,0.7299999999999999831037933508,0.4950000000000000224473217736,0.2100000000000000043715031580,0,0.3300000000000000068695049645,0.5650000000000000256392129696,0,3
87,0.804374142857142859391549694,0.8557451399385560689768054252,0.001439454729558902841167542870,0.03794014667287019,1.134374142857142866261054658,0.3006189999999999889220229219,0.7299999999999999831037933508,0.4950000000000000224473217736,0.2100000000000000043715031580,0,0.3300000000000000068695049645,0.5650000000000000256392129696,0,3
87,0.804374142857142859391549694,0.8556349017473942380549486532,0.001442004537868871903212696710,0.03797373484224158,1.134374142857142866261054658,0.3006189999999999889220229219,0.7299999999999999831037933508,0.4950000000000000224473217736,0.2100000000000000043715031580,0,0.3300000000000000068695049645,0.5650000000000000256392129696,0,3
87,0.804374142857142859391549694,0.8555251356684001237537422315,0.001444519354844692931978415004,0.03800683300203653,1.134374142857142866261054658,0.3006189999999999889220229219,0.7299999999999999831037933508,0.4950000000000000224473217736,0.2100000000000000043715031580,0,0.3300000000000000068695049645,0.5650000000000000256392129696,0,3
87,0.8200884285714285745000185426,0.8554494162087912101869607705,0.001444104568716156650405500719,0.03800137587925149,1.150088428571428581369523507,0.2506189999999999861464653603,0.7299999999999999831037933508,0.6950000000000000335495520199,0.2100000000000000043715031580,-0.05000000000000000277555756156,0.3300000000000000068695049645,0.5750000000000000258473797867,0,3
87,0.8200884285714285745000185426,0.8553740196466646374029800834,0.001443680194236012987811349998,0.037995791796408364,1.150088428571428581369523507,0.2506189999999999861464653603,0.7299999999999999831037933508,0.6950000000000000335495520199,0.2100000000000000043715031580,-0.05000000000000000277555756156,0.3300000000000000068695049645,0.5750000000000000258473797867,0,3
87,0.8200884285714285745000185426,0.8552989439209726457797822928,0.001443246364867809723267273592,0.03799008245408017,1.150088428571428581369523507,0.2506189999999999861464653603,0.7299999999999999831037933508,0.6950000000000000335495520199,0.2100000000000000043715031580,-0.05000000000000000277555756156,0.3300000000000000068695049645,0.5750000000000000258473797867,0,3
87,0.8200884285714285745000185426,0.8552241869881710660106108197,0.001442803212329915627960423231,0.03798424952963946,1.150088428571428581369523507,0.2506189999999999861464653603,0.7299999999999999831037933508,0.6950000000000000335495520199,0.2100000000000000043715031580,-0.05000000000000000277555756156,0.3300000000000000068695049645,0.5750000000000000258473797867,0,3
87,0.8200884285714285745000185426,0.8551497468220338997150375309,0.001442350866620467141592959257,0.037978294677624314,1.150088428571428581369523507,0.2506189999999999861464653603,0.7299999999999999831037933508,0.6950000000000000335495520199,0.2100000000000000043715031580,-0.05000000000000000277555756156,0.3300000000000000068695049645,0.5750000000000000258473797867,0,3
87,0.824803214285714289131691581,0.8550855892479613423987936706,0.001441240235260496021252982612,0.03796366993930508,1.164803214285714296209363363,0.2506224999999999861465026569,0.7249999999999999829997099423,0.6900000000000000334454686113,0.2120000000000000044131365214,0,0.3400000000000000070776717816,0.5700000000000000257432963781,0,3
87,0.824803214285714289131691581,0.8550217023809523823708040038,0.001440126135656068912272382004,0.03794899386882436,1.164803214285714296209363363,0.2506224999999999861465026569,0.7249999999999999829997099423,0.6900000000000000334454686113,0.2120000000000000044131365214,0,0.3400000000000000070776717816,0.5700000000000000257432963781,0,3
87,0.824803214285714289131691581,0.8549580845112781969113532408,0.001439008641051152137051712670,0.037934267372010125,1.164803214285714296209363363,0.2506224999999999861465026569,0.7249999999999999829997099423,0.6900000000000000334454686113,0.2120000000000000044131365214,0,0.3400000000000000070776717816,0.5700000000000000257432963781,0,3
87,0.8223751428571428605097135391,0.8548896329531812739357195439,0.001438206505389711439442643637,0.037923693192906616,1.172375142857142867795552138,0.2506259999999999861465399535,0.7199999999999999828956265338,0.6850000000000000333413852027,0.2140000000000000044547698848,0,0.3500000000000000072858385987,0.5650000000000000256392129695,0,3
87,0.8223751428571428605097135391,0.8548214684037136881633379799,0.001437398449909804402290513654,0.03791303799367448,1.172375142857142867795552138,0.2506259999999999861465399535,0.7199999999999999828956265338,0.6850000000000000333413852027,0.2140000000000000044547698848,0,0.3500000000000000072858385987,0.5650000000000000256392129695,0,3
87,0.8223751428571428605097135391,0.8547535890615660504485814433,0.001436584569844329343865126797,0.037902302962278284,1.172375142857142867795552138,0.2506259999999999861465399535,0.7199999999999999828956265338,0.6850000000000000333413852027,0.2140000000000000044547698848,0,0.3500000000000000072858385987,0.5650000000000000256392129695,0,3
87,0.8199470714285714318877354974,0.8546809240978228466520034768,0.001436104102101959686843117877,0.03789596419279973,1.179947071428571439381740913,0.2506294999999999861465772501,0.7149999999999999827915431253,0.6800000000000000332373017941,0.2160000000000000044964032482,0,0.3600000000000000074940054158,0.5600000000000000255351295609,0,3
87,0.8199470714285714318877354974,0.8546085619047619062045779185,0.001435615174643478610316391275,0.03788951272639276,1.179947071428571439381740913,0.2506294999999999861465772501,0.7149999999999999827915431253,0.6800000000000000332373017941,0.2160000000000000044964032482,0,0.3600000000000000074940054158,0.5600000000000000255351295609,0,3
87,0.8199470714285714318877354974,0.8545365005940005954471624457,0.001435117905278295165476446968,0.03788295006039386,1.179947071428571439381740913,0.2506294999999999861465772501,0.7149999999999999827915431253,0.6800000000000000332373017941,0.2160000000000000044964032482,0,0.3600000000000000074940054158,0.5600000000000000255351295609,0,3
87,0.8199470714285714318877354974,0.8544647382928275058962092778,0.001434612410300024349259960812,0.03787627767217925,1.179947071428571439381740913,0.2506294999999999861465772501,0.7149999999999999827915431253,0.6800000000000000332373017941,0.2160000000000000044964032482,0,0.3600000000000000074940054158,0.5600000000000000255351295609,0,3
87,0.8199470714285714318877354974,0.8543932731440402262398770340,0.001434098804507731887482732446,0.03786949701947112,1.179947071428571439381740913,0.2506294999999999861465772501,0.7149999999999999827915431253,0.6800000000000000332373017941,0.2160000000000000044964032482,0,0.3600000000000000074940054158,0.5600000000000000255351295609,0,3
87,0.8199470714285714318877354974,0.8543221033057851254250998820,0.001433577201226847023226459579,0.03786260954063846,1.179947071428571439381740913,0.2506294999999999861465772501,0.7149999999999999827915431253,0.6800000000000000332373017941,0.2160000000000000044964032482,0,0.3600000000000000074940054158,0.5600000000000000255351295609,0,3
87,0.8175190000000000032657574556,0.8542462206185567024928125781,0.001433402585831253805307609471,0.03786030356232308,1.187519000000000010967929688,0.2506329999999999861466145467,0.7099999999999999826874597168,0.6750000000000000331332183855,0.2180000000000000045380366116,0,0.3700000000000000077021722329,0.5550000000000000254310461523,0,3
88,0.8175190000000000032657574556,0.8541706502057613183380243990,0.001433217278993752220213302917,0.037857856238748544,1.187519000000000010967929688,0.2506329999999999861466145467,0.7099999999999999826874597168,0.6750000000000000331332183855,0.2180000000000000045380366116,0,0.3700000000000000077021722329,0.5550000000000000254310461523,0,3
88,0.815090928571428574643779414,0.8540904043707832223550793374,0.001433397447029954882672965847,0.0378602356969678,1.195090928571428582554118464,0.2506364999999999861466518433,0.7049999999999999825833763083,0.6700000000000000330291349769,0.2200000000000000045796699750,0,0.3800000000000000079103390500,0.5500000000000000253269627437,0,3
89,0.815090928571428574643779414,0.8540104874121779874212447064,0.001433564116319562671386702758,0.03786243674566605,1.195090928571428582554118464,0.2506364999999999861466518433,0.7049999999999999825833763083,0.6700000000000000330291349769,0.2200000000000000045796699750,0,0.3800000000000000079103390500,0.5500000000000000253269627437,0,3
89,0.8126629285714285745932638946,0.8539259320771253301352979153,0.001434114364462694736962132080,0.037869702460709864,1.202662928571428582711769762,0.2506404999999999861469267970,0.6999999999999999824792928998,0.6650000000000000329250515683,0.2220000000000000046213033384,0,0.3900000000000000081185058671,0.5450000000000000252228793351,0,3
91,0.8126629285714285745932638946,0.8538417218658892143076611112,0.001434648198447848250857312530,0.037876750104092194,1.202662928571428582711769762,0.2506404999999999861469267970,0.6999999999999999824792928998,0.6650000000000000329250515683,0.2220000000000000046213033384,0,0.3900000000000000081185058671,0.5450000000000000252228793351,0,3
91,0.8126629285714285745932638946,0.8537578546697701498683242534,0.001435165804868582074230261253,0.03788358226024279,1.202662928571428582711769762,0.2506404999999999861469267970,0.6999999999999999824792928998,0.6650000000000000329250515683,0.2220000000000000046213033384,0,0.3900000000000000081185058671,0.5450000000000000252228793351,0,3
91,0.8102349285714285745427483751,0.8536693934378629515444917821,0.001436083257985177481118406725,0.037895689174168315,1.210234928571428582869421059,0.2506444999999999861472017507,0.6949999999999999823752094913,0.6600000000000000328209681597,0.2240000000000000046629367018,0,0.4000000000000000083266726842,0.5400000000000000251187959265,0,3
93,0.8102349285714285745427483751,0.8535812910750507114288695846,0.001436981480874244908473123917,0.03790753857577995,1.210234928571428582869421059,0.2506444999999999861472017507,0.6949999999999999823752094913,0.6600000000000000328209681597,0.2240000000000000046629367018,0,0.4000000000000000083266726842,0.5400000000000000251187959265,0,3
93,0.8078069285714285744922328559,0.8534886304222093710706982553,0.001438296939180134351280883834,0.03792488548671089,1.217806928571428583027072357,0.2506484999999999861474767044,0.6899999999999999822711260828,0.6550000000000000327168847511,0.2260000000000000047045700652,0,0.4100000000000000085348395013,0.5350000000000000250147125179,0,3
94,0.8078069285714285744922328559,0.8533963441558441573402367091,0.001439590066198616007984135852,0.03794193018546389,1.217806928571428583027072357,0.2506484999999999861474767044,0.6899999999999999822711260828,0.6550000000000000327168847511,0.2260000000000000047045700652,0,0.4100000000000000085348395013,0.5350000000000000250147125179,0,3
94,0.8053790000000000030131024159,0.8532995349942396328355449060,0.001441317460569453767965256506,0.03796468702056496,1.225379000000000011756108734,0.2506529999999999861474472141,0.6849999999999999821670426743,0.6500000000000000326128013425,0.2280000000000000047462034286,0,0.4200000000000000087430063184,0.5300000000000000249106291093,0,3
97,0.8053790000000000030131024159,0.8532031154067260722121597099,0.001443019328887092399778552656,0.037987094241164227,1.225379000000000011756108734,0.2506529999999999861474472141,0.6849999999999999821670426743,0.6500000000000000326128013425,0.2280000000000000047462034286,0,0.4200000000000000087430063184,0.5300000000000000249106291093,0,3
97,0.8053790000000000030131024159,0.8531070830464716021936877072,0.001444695936482280747746521472,0.03800915595593094,1.225379000000000011756108734,0.2506529999999999861474472141,0.6849999999999999821670426743,0.6500000000000000326128013425,0.2280000000000000047462034286,0,0.4200000000000000087430063184,0.5300000000000000249106291093,0,3
97,0.8053790000000000030131024159,0.8530114355854566290490372357,0.001446347545667291557295549299,0.03803087621482434,1.225379000000000011756108734,0.2506529999999999861474472141,0.6849999999999999821670426743,0.6500000000000000326128013425,0.2280000000000000047462034286,0,0.4200000000000000087430063184,0.5300000000000000249106291093,0,3
97,0.8029510714285714315339719761,0.8529113148571428586540071052,0.001448446902422841203115400118,0.03805846689532884,1.232951071428571440485145112,0.2506574999999999861474177238,0.6799999999999999820629592658,0.6450000000000000325087179339,0.2300000000000000047878367920,0,0.4300000000000000089511731355,0.5250000000000000248065457007,0,3
98,0.8029510714285714315339719761,0.8528115938123752510150449593,0.001450518009788036733083524086,0.03808566672369064,1.232951071428571440485145112,0.2506574999999999861474177238,0.6799999999999999820629592658,0.6450000000000000325087179339,0.2300000000000000047878367920,0,0.4300000000000000089511731355,0.5250000000000000248065457007,0,3
98,0.8005231428571428600548415361,0.8527074335515082542203035181,0.001453053233265100466030235896,0.038118935363741474,1.240523142857142869214181489,0.2506619999999999861473882335,0.6749999999999999819588758573,0.6400000000000000324046345253,0.2320000000000000048294701554,0,0.4400000000000000091593399526,0.5200000000000000247024622921,0,3
103,0.8005231428571428600548415361,0.8526036874467480844505908700,0.001455556871220338552601109610,0.03815176105005297,1.240523142857142869214181489,0.2506619999999999861473882335,0.6749999999999999819588758573,0.6400000000000000324046345253,0.2320000000000000048294701554,0,0.4400000000000000091593399526,0.5200000000000000247024622921,0,3
103,0.8005231428571428600548415361,0.8525003530328798201164723196,0.001458029239288656797113118264,0.03818414905806671,1.240523142857142869214181489,0.2506619999999999861473882335,0.6749999999999999819588758573,0.6400000000000000324046345253,0.2320000000000000048294701554,0,0.4400000000000000091593399526,0.5200000000000000247024622921,0,3
103,0.8005231428571428600548415361,0.8523974278642149944529839418,0.001460470649596986088268745951,0.038216104584284705,1.240523142857142869214181489,0.2506619999999999861473882335,0.6749999999999999819588758573,0.6400000000000000324046345253,0.2320000000000000048294701554,0,0.4400000000000000091593399526,0.5200000000000000247024622921,0,3
103,0.8005231428571428600548415361,0.8522949095143986463612880081,0.001462881410808876119662665170,0.038247632747777684,1.240523142857142869214181489,0.2506619999999999861473882335,0.6749999999999999819588758573,0.6400000000000000324046345253,0.2320000000000000048294701554,0,0.4400000000000000091593399526,0.5200000000000000247024622921,0,3
103,0.8005231428571428600548415361,0.8521927955762186546723206580,0.001465261828168444207505711663,0.03827873859165744,1.240523142857142869214181489,0.2506619999999999861473882335,0.6749999999999999819588758573,0.6400000000000000324046345253,0.2320000000000000048294701554,0,0.4400000000000000091593399526,0.5200000000000000247024622921,0,3
103,0.7980952142857142885757110963,0.8520863042744656933217367809,0.001468115717873178475133977448,0.03831599819753073,1.248095214285714297943217866,0.2506664999999999861473587432,0.6699999999999999818547924488,0.6350000000000000323005511167,0.2340000000000000048711035188,0,0.4500000000000000093675067697,0.5150000000000000245983788835,0,3
103,0.7980952142857142885757110963,0.8519802314061184410530805418,0.001470935913064127532394469534,0.038352782337975524,1.248095214285714297943217866,0.2506664999999999861473587432,0.6699999999999999818547924488,0.6350000000000000323005511167,0.2340000000000000048711035188,0,0.4500000000000000093675067697,0.5150000000000000245983788835,0,3
103,0.7956672857142857170965806563,0.8518698138655462200257148559,0.001474245301804380673164710248,0.03839590214859368,1.255667285714285726672254243,0.2506709999999999861473292529,0.6649999999999999817507090403,0.6300000000000000321964677081,0.2360000000000000049127368822,0,0.4600000000000000095756735868,0.5100000000000000244942954749,0,3
104,0.7956672857142857170965806563,0.8517598284875594088653838693,0.001477517568052848692716296920,0.038438490709871126,1.255667285714285726672254243,0.2506709999999999861473292529,0.6649999999999999817507090403,0.6300000000000000321964677081,0.2360000000000000049127368822,0,0.4600000000000000095756735868,0.5100000000000000244942954749,0,3
104,0.7932393571428571456174502163,0.8516455306919642872574777488,0.001481294449968074423241938052,0.03848758825865911,1.263239357142857155401290620,0.2506754999999999861472997626,0.6599999999999999816466256318,0.6250000000000000320923842995,0.2380000000000000049543702456,0,0.4700000000000000097838404039,0.5050000000000000243902120663,0,3
106,0.7932393571428571456174502163,0.8515316785018100823030137575,0.001485030707822747651943576190,0.038536096167395416,1.263239357142857155401290620,0.2506754999999999861472997626,0.6599999999999999816466256318,0.6250000000000000320923842995,0.2380000000000000049543702456,0,0.4700000000000000097838404039,0.5050000000000000243902120663,0,3
106,0.7932393571428571456174502163,0.8514182693162868275623803654,0.001488726729445045116508281323,0.0385840216857321,1.263239357142857155401290620,0.2506754999999999861472997626,0.6599999999999999816466256318,0.6250000000000000320923842995,0.2380000000000000049543702456,0,0.4700000000000000097838404039,0.5050000000000000243902120663,0,3
106,0.7932393571428571456174502163,0.8513053005547850223547203068,0.001492382898483631845196924034,0.03863137194669161,1.263239357142857155401290620,0.2506754999999999861472997626,0.6599999999999999816466256318,0.6250000000000000320923842995,0.2380000000000000049543702456,0,0.4700000000000000097838404039,0.5050000000000000243902120663,0,3
106,0.7908114285714285741383197766,0.8511880643687707656721303833,0.001496555292382316478389233322,0.03868533691700663,1.270811428571428584130326998,0.2506799999999999861472702723,0.6549999999999999815425422233,0.6200000000000000319883008909,0.2400000000000000049960036090,0,0.4800000000000000099920072210,0.5000000000000000242861286577,0,3
107,0.7908114285714285741383197766,0.8510712817076540496343473841,0.001500684295491827400626485930,0.038738666671580574,1.270811428571428584130326998,0.2506799999999999861472702723,0.6549999999999999815425422233,0.6200000000000000319883008909,0.2400000000000000049960036090,0,0.4800000000000000099920072210,0.5000000000000000242861286577,0,3
107,0.7908114285714285741383197766,0.8509549499448428035426562112,0.001504770316471948070191290471,0.038791369097673625,1.270811428571428584130326998,0.2506799999999999861472702723,0.6549999999999999815425422233,0.6200000000000000319883008909,0.2400000000000000049960036090,0,0.4800000000000000099920072210,0.5000000000000000242861286577,0,3
107,0.7883834285714285740878042571,0.8508343882466281325803154561,0.001509385638336844897309153652,0.03885081258270984,1.278383428571428584287978295,0.2506839999999999861475452260,0.6499999999999999814384588148,0.6150000000000000318842174823,0.2420000000000000050376369724,0,0.4900000000000000102001740381,0.4950000000000000241820452491,0,3
107,0.7883834285714285740878042571,0.8507142902472527488139837038,0.001513954389642448516443814363,0.03890956681386274,1.278383428571428584287978295,0.2506839999999999861475452260,0.6499999999999999814384588148,0.6150000000000000318842174823,0.2420000000000000050376369724,0,0.4900000000000000102001740381,0.4950000000000000241820452491,0,3
107,0.7859553571428571454658262154,0.8505899928708527572528548027,0.001519067022552329971937953283,0.03897521035930826,1.285955357142857155874167071,0.2506874999999999861475825226,0.6449999999999999813343754063,0.6100000000000000317801340737,0.2440000000000000050792703358,0,0.5000000000000000104083408552,0.4900000000000000240779618405,0,3
111,0.7859553571428571454658262154,0.8504661717296113863490482345,0.001524129432851361109422627706,0.03904010031815186,1.285955357142857155874167071,0.2506874999999999861475825226,0.6449999999999999813343754063,0.6100000000000000317801340737,0.2440000000000000050792703358,0,0.5000000000000000104083408552,0.4900000000000000240779618405,0,3
111,0.7859553571428571454658262154,0.8503428240917782042441089954,0.001529142083840361187068076876,0.039104246365840645,1.285955357142857155874167071,0.2506874999999999861475825226,0.6449999999999999813343754063,0.6100000000000000317801340737,0.2440000000000000050792703358,0,0.5000000000000000104083408552,0.4900000000000000240779618405,0,3
111,0.7835272857142857168438481736,0.8502153135223555086574672763,0.001534711074239387005111227126,0.03917538862907919,1.293527285714285727460355846,0.2506909999999999861476198192,0.6399999999999999812302919978,0.6050000000000000316760506651,0.2460000000000000051209036992,0,0.5100000000000000106165076723,0.4850000000000000239738784319,0,3
112,0.7835272857142857168438481736,0.8500882887074829947682984781,0.001540226609563617538417850728,0.03924572090768136,1.293527285714285727460355846,0.2506909999999999861476198192,0.6399999999999999812302919978,0.6050000000000000316760506651,0.2460000000000000051209036992,0,0.5100000000000000106165076723,0.4850000000000000239738784319,0,3
112,0.7810992142857142882218701317,0.8499571307713199363908337854,0.001546312514607676520468959285,0.039323180372493736,1.301099214285714299046544621,0.2506944999999999861476571158,0.6349999999999999811262085893,0.6000000000000000315719672565,0.2480000000000000051625370626,0,0.5200000000000000108246744894,0.4800000000000000238697950233,0,3
117,0.7810992142857142882218701317,0.8498264705882352956922209510,0.001552341211465863877248153644,0.03939976156610423,1.301099214285714299046544621,0.2506944999999999861476571158,0.6349999999999999811262085893,0.6000000000000000315719672565,0.2480000000000000051625370626,0,0.5200000000000000108246744894,0.4800000000000000238697950233,0,3
117,0.7810992142857142882218701317,0.8496963053300865816629210441,0.001558313218451250312147452303,0.03947547616497172,1.301099214285714299046544621,0.2506944999999999861476571158,0.6349999999999999811262085893,0.6000000000000000315719672565,0.2480000000000000051625370626,0,0.5200000000000000108246744894,0.4800000000000000238697950233,0,3
117,0.778671142857142859599892090,0.8495620422630299772733879081,0.001564867483857912611167079362,0.039558405982267696,1.308671142857142870632733396,0.2506979999999999861476944124,0.6299999999999999810221251808,0.5950000000000000314678838479,0.2500000000000000052041704260,0,0.5300000000000000110328413065,0.4750000000000000237657116147,0,3
118,0.778671142857142859599892090,0.8494282858490566053532492368,0.001571361268387196037379853281,0.039640399447876354,1.308671142857142870632733396,0.2506979999999999861476944124,0.6299999999999999810221251808,0.5950000000000000314678838479,0.2500000000000000052041704260,0,0.5300000000000000110328413065,0.4750000000000000237657116147,0,3
118,0.778671142857142859599892090,0.8492950332257196679789491292,0.001577795115133722515800750109,0.03972146919656576,1.308671142857142870632733396,0.2506979999999999861476944124,0.6299999999999999810221251808,0.5950000000000000314678838479,0.2500000000000000052041704260,0,0.5300000000000000110328413065,0.4750000000000000237657116147,0,3
118,0.7762430000000000024064515257,0.8491577173737916234947902991,0.001584822861176140160840551487,0.03980983372454776,1.316243000000000013647459649,0.2507009999999999861474940518,0.6249999999999999809180417723,0.5900000000000000313638004393,0.2520000000000000052458037894,0,0.5400000000000000112410081236,0.4700000000000000236616282061,0,3
121,0.7762430000000000024064515257,0.8490209167783436091963131156,0.001591786842994938224092253873,0.0398972034482987,1.316243000000000013647459649,0.2507009999999999861474940518,0.6249999999999999809180417723,0.5900000000000000313638004393,0.2520000000000000052458037894,0,0.5400000000000000112410081236,0.4700000000000000236616282061,0,3
121,0.7762430000000000024064515257,0.8488846285446762990712384684,0.001598687628303229969257164363,0.03998359198850486,1.316243000000000013647459649,0.2507009999999999861474940518,0.6249999999999999809180417723,0.5900000000000000313638004393,0.2520000000000000052458037894,0,0.5400000000000000112410081236,0.4700000000000000236616282061,0,3
121,0.7738148571428571452130109614,0.8487443112149532726154286974,0.001606193675890592834602016486,0.0400773461682606,1.323814857142857156662185902,0.2507039999999999861472936912,0.6199999999999999808139583638,0.5850000000000000312597170307,0.2540000000000000052874371528,0,0.5500000000000000114491749407,0.4650000000000000235575447975,0,3
124,0.7738148571428571452130109614,0.8486045174573560783478868733,0.001613632667707883028302292176,0.04017004689700876,1.323814857142857156662185902,0.2507039999999999861472936912,0.6199999999999999808139583638,0.5850000000000000312597170307,0.2540000000000000052874371528,0,0.5500000000000000114491749407,0.4650000000000000235575447975,0,3
124,0.7738148571428571452130109614,0.8484652443469007730720304937,0.001621005195905286673707229027,0.04026170880508286,1.323814857142857156662185902,0.2507039999999999861472936912,0.6199999999999999808139583638,0.5850000000000000312597170307,0.2540000000000000052874371528,0,0.5500000000000000114491749407,0.4650000000000000235575447975,0,3
124,0.7713867142857142880195703973,0.8483219757036643669659850288,0.001628994097863545096232138077,0.04036079902409695,1.331386714285714299676912155,0.2507069999999999861470933306,0.6149999999999999807098749553,0.5800000000000000311556336221,0.2560000000000000053290705162,0,0.5600000000000000116573417578,0.4600000000000000234534613889,0,3
124,0.7713867142857142880195703973,0.8481792386694937731274944636,0.001636912646478331407350450429,0.040458777125344896,1.331386714285714299676912155,0.2507069999999999861470933306,0.6149999999999999807098749553,0.5800000000000000311556336221,0.2560000000000000053290705162,0,0.5600000000000000116573417578,0.4600000000000000234534613889,0,3
124,0.7713867142857142880195703973,0.8480370302910052925995168265,0.001644761458139873331311002700,0.040555658768412,1.331386714285714299676912155,0.2507069999999999861470933306,0.6149999999999999807098749553,0.5800000000000000311556336221,0.2560000000000000053290705162,0,0.5600000000000000116573417578,0.4600000000000000234534613889,0,3
124,0.7689585714285714308261298329,0.8478908593873778732616732275,0.001653237511049803215177068082,0.0406600235003597,1.338958571428571442691638408,0.2507099999999999861468929700,0.6099999999999999806057915468,0.5750000000000000310515502135,0.2580000000000000053707038796,0,0.5700000000000000118655085749,0.4550000000000000233493779803,0,3
124,0.7689585714285714308261298329,0.8477452278597785993826408596,0.001661639909058215161078090694,0.040763217599426756,1.338958571428571442691638408,0.2507099999999999861468929700,0.6099999999999999806057915468,0.5750000000000000310515502135,0.2580000000000000053707038796,0,0.5700000000000000118655085749,0.4550000000000000233493779803,0,3
124,0.7689585714285714308261298329,0.8476001327282294149101610971,0.001669969292584162949655769450,0.04086525776970167,1.338958571428571442691638408,0.2507099999999999861468929700,0.6099999999999999806057915468,0.5750000000000000310515502135,0.2580000000000000053707038796,0,0.5700000000000000118655085749,0.4550000000000000233493779803,0,3
124,0.7689585714285714308261298329,0.8474555710346638671453007454,0.001678226295625660584128194666,0.0409661603720151,1.338958571428571442691638408,0.2507099999999999861468929700,0.6099999999999999806057915468,0.5750000000000000310515502135,0.2580000000000000053707038796,0,0.5700000000000000118655085749,0.4550000000000000233493779803,0,3
124,0.7665304285714285736326892689,0.8473070845347313253223418253,0.001687119216456831434424333125,0.04107455680170915,1.346530428571428585706364661,0.2507129999999999861466926094,0.6049999999999999805017081383,0.5700000000000000309474668049,0.2600000000000000054123372430,0,0.5800000000000000120736753920,0.4500000000000000232452945717,0,3
125,0.7665304285714285736326892689,0.8471591419413919429932398976,0.001695935828550675533984439758,0.04118174144630938,1.346530428571428585706364661,0.2507129999999999861466926094,0.6049999999999999805017081383,0.5700000000000000309474668049,0.2600000000000000054123372430,0,0.5800000000000000120736753920,0.4500000000000000232452945717,0,3
125,0.7641022857142857164392487046,0.8470073012535910175333605718,0.001705400738556199808043744127,0.04129649789699121,1.354102285714285728721090914,0.2507159999999999861464922488,0.5999999999999999803976247298,0.5650000000000000308433833963,0.2620000000000000054539706064,0,0.5900000000000000122818422091,0.4450000000000000231412111631,0,3
130,0.7641022857142857164392487046,0.8468560147288842560350136524,0.001714785371635151283173628757,0.041409967056677925,1.354102285714285728721090914,0.2507159999999999861464922488,0.5999999999999999803976247298,0.5650000000000000308433833963,0.2620000000000000054539706064,0,0.5900000000000000122818422091,0.4450000000000000231412111631,0,3
130,0.7641022857142857164392487046,0.8467052793390580291869339348,0.001724090415686406336106504024,0.041522167762370096,1.354102285714285728721090914,0.2507159999999999861464922488,0.5999999999999999803976247298,0.5650000000000000308433833963,0.2620000000000000054539706064,0,0.5900000000000000122818422091,0.4450000000000000231412111631,0,3
130,0.7641022857142857164392487046,0.8465550920779220795273926889,0.001733316551798320712100375832,0.04163311844911837,1.354102285714285728721090914,0.2507159999999999861464922488,0.5999999999999999803976247298,0.5650000000000000308433833963,0.2620000000000000054539706064,0,0.5900000000000000122818422091,0.4450000000000000231412111631,0,3
130,0.7641022857142857164392487046,0.8464054499611096723348552225,0.001742464454326889424244171530,0.04174283716192383,1.354102285714285728721090914,0.2507159999999999861464922488,0.5999999999999999803976247298,0.5650000000000000308433833963,0.2620000000000000054539706064,0,0.5900000000000000122818422091,0.4450000000000000231412111631,0,3
130,0.7641022857142857164392487046,0.8462563500258799187915660803,0.001751534790972879762572086820,0.04185134156718133,1.354102285714285728721090914,0.2507159999999999861464922488,0.5999999999999999803976247298,0.5650000000000000308433833963,0.2620000000000000054539706064,0,0.5900000000000000122818422091,0.4450000000000000231412111631,0,3
130,0.7616741428571428592458081403,0.8461033984758460362245755595,0.001761257692262853437467425884,0.04196734078140826,1.361674142857142871735817166,0.2507189999999999861462918882,0.5949999999999999802935413213,0.5600000000000000307392999877,0.2640000000000000054956039698,0,0.6000000000000000124900090262,0.4400000000000000230371277545,0,3
132,0.7616741428571428592458081403,0.8459509990974729257968160514,0.001770899083608503992418094721,0.042082051798938036,1.361674142857142871735817166,0.2507189999999999861462918882,0.5949999999999999802935413213,0.5600000000000000307392999877,0.2640000000000000054956039698,0,0.6000000000000000124900090262,0.4400000000000000230371277545,0,3
132,0.7592460000000000020523675761,0.8457947738738738754837629912,0.001781205013654382278500484987,0.04220432458474347,1.369246000000000014750543419,0.2507219999999999861460915276,0.5899999999999999801894579128,0.5550000000000000306352165791,0.2660000000000000055372373332,0,0.6100000000000000126981758433,0.4350000000000000229330443459,0,3
132,0.7592460000000000020523675761,0.8456391106115107929775914167,0.001791425453487976444235421484,0.042325234240202105,1.369246000000000014750543419,0.2507219999999999861460915276,0.5899999999999999801894579128,0.5550000000000000306352165791,0.2660000000000000055372373332,0,0.6100000000000000126981758433,0.4350000000000000229330443459,0,3
132,0.7568178571428571448589270117,0.8454796469607591706290839402,0.001802322199484791271681993718,0.042453765433525345,1.376817857142857157765269672,0.2507249999999999861458911670,0.5849999999999999800853745043,0.5500000000000000305311331705,0.2680000000000000055788706966,0,0.6200000000000000129063426604,0.4300000000000000228289609373,0,3
134,0.7568178571428571448589270117,0.8453207548643113175363058812,0.001813129440892693398775518238,0.04258085768150629,1.376817857142857157765269672,0.2507249999999999861458911670,0.5849999999999999800853745043,0.5500000000000000305311331705,0.2680000000000000055788706966,0,0.6200000000000000129063426604,0.4300000000000000228289609373,0,3
134,0.7568178571428571448589270117,0.8451624312547917215207828420,0.001823847928073599315762777311,0.04270653261590783,1.376817857142857157765269672,0.2507249999999999861458911670,0.5849999999999999800853745043,0.5500000000000000305311331705,0.2680000000000000055788706966,0,0.6200000000000000129063426604,0.4300000000000000228289609373,0,3
134,0.7568178571428571448589270117,0.8450046730867346954910295280,0.001834478404106180988004982255,0.042830811387436746,1.376817857142857157765269672,0.2507249999999999861458911670,0.5849999999999999800853745043,0.5500000000000000305311331705,0.2680000000000000055788706966,0,0.6200000000000000129063426604,0.4300000000000000228289609373,0,3
134,0.7543897142857142876654864476,0.8448431490960020387925882747,0.001845792745398289356817332913,0.04296269015550923,1.384389714285714300779995925,0.2507279999999999861456908064,0.5799999999999999799812910958,0.5450000000000000304270497619,0.2700000000000000056205040600,0,0.6300000000000000131145094775,0.4250000000000000227248775287,0,3
137,0.7543897142857142876654864476,0.8446821999237417403030382714,0.001857015058952195236610910162,0.04309309757898816,1.384389714285714300779995925,0.2507279999999999861456908064,0.5799999999999999799812910958,0.5450000000000000304270497619,0.2700000000000000056205040600,0,0.6300000000000000131145094775,0.4250000000000000227248775287,0,3
137,0.7543897142857142876654864476,0.8445218225069779259999520336,0.001868146110237199473033675121,0.04322205583075844,1.384389714285714300779995925,0.2507279999999999861456908064,0.5799999999999999799812910958,0.5450000000000000304270497619,0.2700000000000000056205040600,0,0.6300000000000000131145094775,0.4250000000000000227248775287,0,3
137,0.7519616428571428590435084059,0.8443577087132725446755611761,0.001879970377746868009246621559,0.04335862518284993,1.391961642857142872366184700,0.2507314999999999861457281030,0.5749999999999999798772076873,0.5400000000000000303229663533,0.2720000000000000056621374234,0,0.6400000000000000133226762946,0.4200000000000000226207941201,0,3
138,0.7519616428571428590435084059,0.8441941758533501912496637375,0.001891699350782531029203896127,0.04349367023812236,1.391961642857142872366184700,0.2507314999999999861457281030,0.5749999999999999798772076873,0.5400000000000000303229663533,0.2720000000000000056621374234,0,0.6400000000000000133226762946,0.4200000000000000226207941201,0,3
138,0.7495336428571428589929928863,0.8440269310954063620407296901,0.001904132711509204203504820057,0.04363636913755777,1.399533642857142872523835998,0.2507354999999999861460030567,0.5699999999999999797731242788,0.5350000000000000302188829447,0.2740000000000000057037707868,0,0.6500000000000000135308431117,0.4150000000000000225167107115,0,3
140,0.7495336428571428589929928863,0.8438602762660619819648077557,0.001916466716903827506930214289,0.0437774681417716,1.399533642857142872523835998,0.2507354999999999861460030567,0.5699999999999999797731242788,0.5350000000000000302188829447,0.2740000000000000057037707868,0,0.6500000000000000135308431117,0.4150000000000000225167107115,0,3
140,0.7495336428571428589929928863,0.8436942082494969835088714620,0.001928702184083588017028810241,0.04391699197444638,1.399533642857142872523835998,0.2507354999999999861460030567,0.5699999999999999797731242788,0.5350000000000000302188829447,0.2740000000000000057037707868,0,0.6500000000000000135308431117,0.4150000000000000225167107115,0,3
140,0.7471056428571428589424773671,0.8435244568164699991071730541,0.001941651016247454010297718707,0.04406416930168381,1.407105642857142872681487296,0.2507394999999999861462780104,0.5649999999999999796690408703,0.5300000000000000301147995361,0.2760000000000000057454041502,0,0.6600000000000000137390099288,0.4100000000000000224126273029,0,3
141,0.7471056428571428589424773671,0.8433553010025062672823227109,0.001954497236733159039574353314,0.0442096961845833,1.407105642857142872681487296,0.2507394999999999861462780104,0.5649999999999999796690408703,0.5300000000000000301147995361,0.2760000000000000057454041502,0,0.6600000000000000137390099288,0.4100000000000000224126273029,0,3
141,0.7471056428571428589424773671,0.8431867376782586956389954862,0.001967241684273073388813776217,0.044353598323845986,1.407105642857142872681487296,0.2507394999999999861462780104,0.5649999999999999796690408703,0.5300000000000000301147995361,0.2760000000000000057454041502,0,0.6600000000000000137390099288,0.4100000000000000224126273029,0,3
141,0.7446776428571428588919618476,0.8430145189810189826376894832,0.001980708291828194865504021087,0.0445051490484887,1.414677642857142872839138594,0.2507434999999999861465529641,0.5599999999999999795649574618,0.5250000000000000300107161275,0.2780000000000000057870375136,0,0.6700000000000000139471767459,0.4050000000000000223085438943,0,3
142,0.7446776428571428588919618476,0.8428429013961605600831594175,0.001994069041727329233449985651,0.044655000187295145,1.414677642857142872839138594,0.2507434999999999861465529641,0.5599999999999999795649574618,0.5250000000000000300107161275,0.2780000000000000057870375136,0,0.6700000000000000139471767459,0.4050000000000000223085438943,0,3
142,0.7446776428571428588919618476,0.8426718817819810867361364251,0.002007324794028254234222801510,0.04480317839203212,1.414677642857142872839138594,0.2507434999999999861465529641,0.5599999999999999795649574618,0.5250000000000000300107161275,0.2780000000000000057870375136,0,0.6700000000000000139471767459,0.4050000000000000223085438943,0,3
142,0.7422496428571428588414463284,0.8424972344099378898180587031,0.002021311324146702525380559911,0.0449589960313473,1.422249642857142872996789891,0.2507474999999999861468279178,0.5549999999999999794608740533,0.5200000000000000299066327189,0.2800000000000000058286708770,0,0.6800000000000000141553435630,0.4000000000000000222044604857,0,3
144,0.7422496428571428588414463284,0.8423231934523809540003909733,0.002035188762001895192714786717,0.04511306642206773,1.422249642857142872996789891,0.2507474999999999861468279178,0.5549999999999999794608740533,0.5200000000000000299066327189,0.2800000000000000058286708770,0,0.6800000000000000141553435630,0.4000000000000000222044604857,0,3
144,0.7422496428571428588414463284,0.8421497557563753420503754712,0.002048957988683485316092818872,0.045265417138070044,1.422249642857142872996789891,0.2507474999999999861468279178,0.5549999999999999794608740533,0.5200000000000000299066327189,0.2800000000000000058286708770,0,0.6800000000000000141553435630,0.4000000000000000222044604857,0,3
144,0.7422496428571428588414463284,0.8419769181908057356780416837,0.002062619877017036732609058746,0.04541607509480577,1.422249642857142872996789891,0.2507474999999999861468279178,0.5549999999999999794608740533,0.5200000000000000299066327189,0.2800000000000000058286708770,0,0.6800000000000000141553435630,0.4000000000000000222044604857,0,3
144,0.7422496428571428588414463284,0.8418046776461880105021580993,0.002076175291654050469555894370,0.045565066571377356,1.422249642857142872996789891,0.2507474999999999861468279178,0.5549999999999999794608740533,0.5200000000000000299066327189,0.2800000000000000058286708770,0,0.6800000000000000141553435630,0.4000000000000000222044604857,0,3
144,0.7086782142857142846075792216,0.8415751492610837454575122736,0.002103046705506108276814804653,0.04585898718360566,0.7086782142857142846075792216,0.2507474999999999861468279178,0.5799999999999999739097589301,0.4600000000000000269229083402,0.2800000000000000058286708770,-0.1000000000000000055511151231,0,0.3000000000000000166533453626,0,4
144,0.7086782142857142846075792216,0.8413464109909023866608686711,0.002129721066455334395404517337,0.04614890103193504,0.7086782142857142846075792216,0.2507474999999999861468279178,0.5799999999999999739097589301,0.4600000000000000269229083402,0.2800000000000000058286708770,-0.1000000000000000055511151231,0,0.3000000000000000166533453626,0,4
144,0.7205359285714285710643658627,0.8411388328424153182491908313,0.002151053264826711472706985948,0.04637944873353619,0.7305359285714285712725326798,0.2507514999999999861471028715,0.5749999999999999738056755216,0.4550000000000000268188249316,0.2820000000000000058703042404,0,0.01000000000000000020816681712,0.2950000000000000165492619540,0,4
144,0.7205359285714285710643658627,0.8409319667973535914101087988,0.002172226768695788123217670010,0.046607153621475196,0.7305359285714285712725326798,0.2507514999999999861471028715,0.5749999999999999738056755216,0.4550000000000000268188249316,0.2820000000000000058703042404,0,0.01000000000000000020816681712,0.2950000000000000165492619540,0,4
144,0.7205359285714285710643658627,0.8407258091976516650054071842,0.002193242831429092865164489634,0.04683207054390285,0.7305359285714285712725326798,0.2507514999999999861471028715,0.5749999999999999738056755216,0.4550000000000000268188249316,0.2820000000000000058703042404,0,0.01000000000000000020816681712,0.2950000000000000165492619540,0,4
144,0.7181079285714285710138503431,0.8405162059829059845028575144,0.002215107008433222982640320444,0.04706492333397796,0.7381079285714285714301839773,0.2507554999999999861473778252,0.5699999999999999737015921131,0.4500000000000000267147415230,0.2840000000000000059119376038,0,0.02000000000000000041633363424,0.2900000000000000164451785454,0,4
144,0.7181079285714285710138503431,0.8403073181374939070054360003,0.002236809369869888127217611567,0.047294919070338705,0.7381079285714285714301839773,0.2507554999999999861473778252,0.5699999999999999737015921131,0.4500000000000000267147415230,0.2840000000000000059119376038,0,0.02000000000000000041633363424,0.2900000000000000164451785454,0,4
144,0.7181079285714285710138503431,0.8400991420053541023444622598,0.002258351187221185716482441990,0.04752211261319498,0.7381079285714285714301839773,0.2507554999999999861473778252,0.5699999999999999737015921131,0.4500000000000000267147415230,0.2840000000000000059119376038,0,0.02000000000000000041633363424,0.2900000000000000164451785454,0,4
144,0.7156799999999999995347199034,0.8398875448250728878839014735,0.002280747722942701541533358561,0.04775717457034808,0.7456800000000000001592203548,0.2507599999999999861473483349,0.5649999999999999735975087046,0.4450000000000000266106581144,0.2860000000000000059535709672,0,0.03000000000000000062450045136,0.2850000000000000163410951368,0,4
144,0.7156799999999999995347199034,0.8396766661411593515709147475,0.002302979345168812632420980885,0.047989367001126534,0.7456800000000000001592203548,0.2507599999999999861473483349,0.5649999999999999735975087046,0.4450000000000000266106581144,0.2860000000000000059535709672,0,0.03000000000000000062450045136,0.2850000000000000163410951368,0,4
144,0.7156799999999999995347199034,0.8394665023002421323301754342,0.002325047343146031341236679531,0.048218744728020776,0.7456800000000000001592203548,0.2507599999999999861473483349,0.5649999999999999735975087046,0.4450000000000000266106581144,0.2860000000000000059535709672,0,0.03000000000000000062450045136,0.2850000000000000163410951368,0,4
144,0.7132521428571428566270519859,0.8392529416243654838095271712,0.002347976537641517127674396299,0.04845592365894512,0.7532521428571428574597192544,0.2507649999999999861475565017,0.5599999999999999734934252961,0.4400000000000000265065747058,0.2880000000000000059952043306,0,0.04000000000000000083266726848,0.2800000000000000162370117282,0,4
144,0.7132521428571428566270519859,0.8390401024372586888311783956,0.002370737744124097089231739285,0.04869022226406547,0.7532521428571428574597192544,0.2507649999999999861475565017,0.5599999999999999734934252961,0.4400000000000000265065747058,0.2880000000000000059952043306,0,0.04000000000000000083266726848,0.2800000000000000162370117282,0,4
144,0.7108243571428571422908465909,0.8388238870151770673361694044,0.002394368674821248562685269740,0.04893228662980352,0.7608243571428571433316806765,0.2507704999999999861480023256,0.5549999999999999733893418876,0.4350000000000000264024912972,0.2900000000000000060368376940,0,0.05000000000000000104083408560,0.2750000000000000161329283196,0,4
144,0.7108243571428571422908465909,0.8386083995911495927148809822,0.002417827248608463643939169249,0.049171406819496874,0.7608243571428571433316806765,0.2507704999999999861480023256,0.5549999999999999733893418876,0.4350000000000000264024912972,0.2900000000000000060368376940,0,0.05000000000000000104083408560,0.2750000000000000161329283196,0,4
144,0.7108243571428571422908465909,0.8383936364945978406973615966,0.002441114801189495563369645696,0.049407639097506936,0.7608243571428571433316806765,0.2507704999999999861480023256,0.5549999999999999733893418876,0.4350000000000000264024912972,0.2900000000000000060368376940,0,0.05000000000000000104083408560,0.2750000000000000161329283196,0,4
144,0.7083965714285714279546411959,0.8381755206136145749041691128,0.002465278326106248106544806599,0.04965156922098483,0.7683965714285714292036420986,0.2507759999999999861484481495,0.5499999999999999732852584791,0.4300000000000000262984078886,0.2920000000000000060784710574,0,0.06000000000000000124900090272,0.2700000000000000160288449110,0,4
144,0.7083965714285714279546411959,0.8379581354391002647752754312,0.002489266467718891511946365003,0.04989254922048874,0.7683965714285714292036420986,0.2507759999999999861484481495,0.5499999999999999732852584791,0.4300000000000000262984078886,0.2920000000000000060784710574,0,0.06000000000000000124900090272,0.2700000000000000160288449110,0,4
144,0.7083965714285714279546411959,0.8377414773053033938106924308,0.002513080578435516528543256234,0.05013063512898591,0.7683965714285714292036420986,0.2507759999999999861484481495,0.5499999999999999732852584791,0.4300000000000000262984078886,0.2920000000000000060784710574,0,0.06000000000000000124900090272,0.2700000000000000160288449110,0,4
144,0.7059687857142857136184358007,0.8375214895063200587853297319,0.002537776794289538583718306172,0.05037635153809313,0.7759687857142857150756035205,0.2507814999999999861488939734,0.5449999999999999731811750706,0.4250000000000000261943244800,0.2940000000000000061201044208,0,0.07000000000000000145716771984,0.2650000000000000159247615024,0,4
144,0.7059687857142857136184358007,0.8373022350000000015433849087,0.002562294624467861497420705483,0.05061911323272921,0.7759687857142857150756035205,0.2507814999999999861488939734,0.5449999999999999731811750706,0.4250000000000000261943244800,0.2940000000000000061201044208,0,0.07000000000000000145716771984,0.2650000000000000159247615024,0,4
144,0.7059687857142857136184358007,0.8370837101259805102157227637,0.002586635437744095405251270171,0.050858975980097115,0.7759687857142857150756035205,0.2507814999999999861488939734,0.5449999999999999731811750706,0.4250000000000000261943244800,0.2940000000000000061201044208,0,0.07000000000000000145716771984,0.2650000000000000159247615024,0,4
144,0.7035409999999999992822304059,0.8368618783815851937523780920,0.002611864376572489649532794522,0.05110640250078741,0.7835410000000000009475649429,0.2507869999999999861493397973,0.5399999999999999730770916621,0.4200000000000000260902410714,0.2960000000000000061617377842,0,0.08000000000000000166533453696,0.2600000000000000158206780938,0,4
144,0.7035409999999999992822304059,0.8366407823975361304116315784,0.002636911951527214324971261521,0.05135087099093076,0.7835410000000000009475649429,0.2507869999999999861493397973,0.5399999999999999730770916621,0.4200000000000000260902410714,0.2960000000000000061617377842,0,0.08000000000000000166533453696,0.2600000000000000158206780938,0,4
144,0.7035409999999999992822304059,0.8364204185193945143004901858,0.002661779547412189807886553969,0.05159243692065912,0.7835410000000000009475649429,0.2507869999999999861493397973,0.5399999999999999730770916621,0.4200000000000000260902410714,0.2960000000000000061617377842,0,0.08000000000000000166533453696,0.2600000000000000158206780938,0,4
144,0.7011132142857142849460250107,0.8361967702479338858222183425,0.002687541179716298774617222774,0.05184150055424996,0.7911132142857142868195263648,0.2507924999999999861497856212,0.5349999999999999729730082536,0.4150000000000000259861576628,0.2980000000000000062033711476,0,0.09000000000000000187350135408,0.2550000000000000157165946852,0,4
144,0.7011132142857142849460250107,0.8359738600895803881310035020,0.002713118494249169284864597355,0.05208760403636521,0.7911132142857142868195263648,0.2507924999999999861497856212,0.5349999999999999729730082536,0.4150000000000000259861576628,0.2980000000000000062033711476,0,0.09000000000000000187350135408,0.2550000000000000157165946852,0,4
144,0.7011132142857142849460250107,0.8357516843963285494107646577,0.002738512891513547540849419016,0.05233080251165223,0.7911132142857142868195263648,0.2507924999999999861497856212,0.5349999999999999729730082536,0.4150000000000000259861576628,0.2980000000000000062033711476,0,0.09000000000000000187350135408,0.2550000000000000157165946852,0,4
144,0.6986854285714285706098196157,0.8355262464755639112877367875,0.002764807129265454086360093910,0.05258143331315203,0.7986854285714285726914877869,0.2507979999999999861502314451,0.5299999999999999728689248451,0.4100000000000000258820742542,0.3000000000000000062450045110,0,0.1000000000000000020816681712,0.2500000000000000156125112766,0,4
144,0.6986854285714285706098196157,0.8353015489092188614672475967,0.002790914119752948575438860337,0.05282910296184243,0.7986854285714285726914877869,0.2507979999999999861502314451,0.5299999999999999728689248451,0.4100000000000000258820742542,0.3000000000000000062450045110,0,0.1000000000000000020816681712,0.2500000000000000156125112766,0,4
144,0.6986854285714285706098196157,0.8350775880562060904986288623,0.002816835278849945358724385992,0.05307386625119698,0.7986854285714285726914877869,0.2507979999999999861502314451,0.5299999999999999728689248451,0.4100000000000000258820742542,0.3000000000000000062450045110,0,0.1000000000000000020816681712,0.2500000000000000156125112766,0,4
144,0.6962576428571428562736142207,0.8348503868365676891332851394,0.002843661978366960829914607385,0.05332599720930646,0.8062576428571428585634492090,0.2508034999999999861506772690,0.5249999999999999727648414366,0.4050000000000000257779908456,0.3020000000000000062866378744,0,0.1100000000000000022898349883,0.2450000000000000155084278680,0,4
144,0.6962576428571428562736142207,0.8346239281045751648965863307,0.002870298525613377239877967471,0.053575167060993634,0.8062576428571428585634492090,0.2508034999999999861506772690,0.5249999999999999727648414366,0.4050000000000000257779908456,0.3020000000000000062866378744,0,0.1100000000000000022898349883,0.2450000000000000155084278680,0,4
144,0.6962576428571428562736142207,0.8343982082265206260570708786,0.002896746351510535405504745987,0.053821430225427264,0.8062576428571428585634492090,0.2508034999999999861506772690,0.5249999999999999727648414366,0.4050000000000000257779908456,0.3020000000000000062866378744,0,0.1100000000000000022898349883,0.2450000000000000155084278680,0,4
144,0.6938298571428571419374088256,0.8341692695439739428581789208,0.002924105316203662768248188673,0.05407499714474022,0.8138298571428571444354106310,0.2508089999999999861511230929,0.5199999999999999726607580281,0.4000000000000000256739074370,0.3040000000000000063282712378,0,0.1200000000000000024980018054,0.2400000000000000154043444594,0,4
144,0.6938298571428571419374088256,0.8339410753774680618810719776,0.002951271248169488954891454309,0.05432560398347624,0.8138298571428571444354106310,0.2508089999999999861511230929,0.5199999999999999726607580281,0.4000000000000000256739074370,0.3040000000000000063282712378,0,0.1200000000000000024980018054,0.2400000000000000154043444594,0,4
144,0.6938298571428571419374088256,0.8337136221011131740240205763,0.002978245593057032995883862133,0.05457330476576467,0.8138298571428571444354106310,0.2508089999999999861511230929,0.5199999999999999726607580281,0.4000000000000000256739074370,0.3040000000000000063282712378,0,0.1200000000000000024980018054,0.2400000000000000154043444594,0,4
144,0.6914020714285714276012034307,0.8334829712896503835111797057,0.003006136576059102547062005878,0.0548282461515878,0.8214020714285714303073720532,0.2508144999999999861515689168,0.5149999999999999725566746196,0.3950000000000000255698240284,0.3060000000000000063699046012,0,0.1300000000000000027061686225,0.2350000000000000153002610508,0,4
144,0.6914020714285714276012034307,0.8332530669209431360097072521,0.003033831670470296327305630733,0.05508022939740081,0.8214020714285714303073720532,0.2508144999999999861515689168,0.5149999999999999725566746196,0.3950000000000000255698240284,0.3060000000000000063699046012,0,0.1300000000000000027061686225,0.2350000000000000153002610508,0,4
144,0.6914020714285714276012034307,0.8330239053773367196794834979,0.003061332336351623230495715958,0.05532930811379827,0.8214020714285714303073720532,0.2508144999999999861515689168,0.5149999999999999725566746196,0.3950000000000000255698240284,0.3060000000000000063699046012,0,0.1300000000000000027061686225,0.2350000000000000153002610508,0,4
144,0.6889742857142857132649980356,0.8327915672811059922497827148,0.003089755043030523941413935085,0.05558556505991932,0.8289742857142857161793334752,0.2508199999999999861520147407,0.5099999999999999724525912111,0.3900000000000000254657406198,0.3080000000000000064115379646,0,0.1400000000000000029143354396,0.2300000000000000151961776422,0,4
144,0.6889742857142857132649980356,0.8325599774557165876137363626,0.003117979029874058058084629678,0.05583886666000715,0.8289742857142857161793334752,0.2508199999999999861520147407,0.5099999999999999724525912111,0.3900000000000000254657406198,0.3080000000000000064115379646,0,0.1400000000000000029143354396,0.2300000000000000151961776422,0,4
144,0.6889742857142857132649980356,0.8323291322921451553398637929,0.003146005771043652207493654609,0.056089266094714166,0.8289742857142857161793334752,0.2508199999999999861520147407,0.5099999999999999724525912111,0.3900000000000000254657406198,0.3080000000000000064115379646,0,0.1400000000000000029143354396,0.2300000000000000151961776422,0,4
144,0.6865464999999999989287926406,0.8320951312772299945751590238,0.003174959861405821391356081560,0.056346782174369295,0.8365465000000000020512948973,0.2508254999999999861524605646,0.5049999999999999723485078026,0.3850000000000000253616572112,0.3100000000000000064531713280,0,0.1500000000000000031225022567,0.2250000000000000150920942336,0,4
144,0.6865464999999999989287926406,0.8318618802655677670180334365,0.003203712425316591809545905212,0.056601346497381064,0.8365465000000000020512948973,0.2508254999999999861524605646,0.5049999999999999723485078026,0.3850000000000000253616572112,0.3100000000000000064531713280,0,0.1500000000000000031225022567,0.2250000000000000150920942336,0,4
144,0.6865464999999999989287926406,0.8316293756571428585890906512,0.003232264950730398824510330731,0.056853011799995246,0.8365465000000000020512948973,0.2508254999999999861524605646,0.5049999999999999723485078026,0.3850000000000000253616572112,0.3100000000000000064531713280,0,0.1500000000000000031225022567,0.2250000000000000150920942336,0,4
144,0.6865464999999999989287926406,0.8313976138749429498675885776,0.003260618912775257117563034899,0.05710182932949922,0.8365465000000000020512948973,0.2508254999999999861524605646,0.5049999999999999723485078026,0.3850000000000000253616572112,0.3100000000000000064531713280,0,0.1500000000000000031225022567,0.2250000000000000150920942336,0,4
144,0.6865464999999999989287926406,0.8311665913647755767400944852,0.003288775773881446557006088,0.057347848903698616,0.8365465000000000020512948973,0.2508254999999999861524605646,0.5049999999999999723485078026,0.3850000000000000253616572112,0.3100000000000000064531713280,0,0.1500000000000000031225022567,0.2250000000000000150920942336,0,4
144,0.6865464999999999989287926406,0.8309363045950864436544076987,0.003316736983908716939221213116,0.057591118967326174,0.8365465000000000020512948973,0.2508254999999999861524605646,0.5049999999999999723485078026,0.3850000000000000253616572112,0.3100000000000000064531713280,0,0.1500000000000000031225022567,0.2250000000000000150920942336,0,4
145,0.7115464999999999993253008636,0.8307464956847603920735983079,0.003334053203284453313328153921,0.057741260839060775,0.8615465000000000024478031203,0.2508254999999999861524605646,0.6299999999999999723485078026,0.3850000000000000253616572112,0.3100000000000000064531713280,-0.05000000000000000277555756156,0.1500000000000000031225022567,0.3250000000000000206432093568,0,4
145,0.7115464999999999993253008636,0.8305572893424036295454264073,0.003351242909279084297743764811,0.05788992061904286,0.8615465000000000024478031203,0.2508254999999999861524605646,0.6299999999999999723485078026,0.3850000000000000253616572112,0.3100000000000000064531713280,-0.05000000000000000277555756156,0.1500000000000000031225022567,0.3250000000000000206432093568,0,4
147,0.7415465000000000009410718727,0.8304162262848086951102372559,0.003358448274319746315191998216,0.057952120533417466,0.8915465000000000040635741294,0.2508254999999999861524605646,0.6799999999999999751240653642,0.3950000000000000255698240283,0.3100000000000000064531713280,-0.1000000000000000055511151231,0.1500000000000000031225022567,0.5250000000000000317454396031,0,4
147,0.7415465000000000009410718727,0.8302756096292947573030075639,0.003365591322771150842314708916,0.05801371667779225,0.8915465000000000040635741294,0.2508254999999999861524605646,0.6799999999999999751240653642,0.3950000000000000255698240283,0.3100000000000000064531713280,-0.1000000000000000055511151231,0.1500000000000000031225022567,0.5250000000000000317454396031,0,4
147,0.7534044285714285731121686383,0.8301541701647483652268766967,0.003369580156123236484115133937,0.05804808486180432,0.9134044285714285764428377121,0.2508309999999999861529063885,0.6749999999999999750199819557,0.3900000000000000254657406197,0.3120000000000000064948046914,0,0.1600000000000000033306690738,0.5200000000000000316413561945,0,4
150,0.7534044285714285731121686383,0.8300331137899954948923109110,0.003373527120227657588475822719,0.05808207227904026,0.9134044285714285764428377121,0.2508309999999999861529063885,0.6749999999999999750199819557,0.3900000000000000254657406197,0.3120000000000000064948046914,0,0.1600000000000000033306690738,0.5200000000000000316413561945,0,4
150,0.7509766428571428587759632431,0.8299086154105736797173245367,0.003378025906323638531535304510,0.05812078721355758,0.9209766428571428623147991340,0.2508364999999999861533522124,0.6699999999999999749158985472,0.3850000000000000253616572111,0.3140000000000000065364380548,0,0.1700000000000000035388358909,0.5150000000000000315372727859,0,4
152,0.7509766428571428587759632431,0.8297845085354896689925739686,0.003382479764478438397280715907,0.05815909012766997,0.9209766428571428623147991340,0.2508364999999999861533522124,0.6699999999999999749158985472,0.3850000000000000253616572111,0.3140000000000000065364380548,0,0.1700000000000000035388358909,0.5150000000000000315372727859,0,4
152,0.7509766428571428587759632431,0.8296607913209239754129560553,0.003386889050906997125475304633,0.05819698489532767,0.9209766428571428623147991340,0.2508364999999999861533522124,0.6699999999999999749158985472,0.3850000000000000253616572111,0.3140000000000000065364380548,0,0.1700000000000000035388358909,0.5150000000000000315372727859,0,4
152,0.7485488571428571444397578481,0.8295336566278549051449729859,0.003391860287108749941215228481,0.05823967966179716,0.9285488571428571481867605561,0.2508419999999999861537980363,0.6649999999999999748118151387,0.3800000000000000252575738025,0.3160000000000000065780714182,0,0.1800000000000000037470027080,0.5100000000000000314331893773,0,4
154,0.7485488571428571444397578481,0.8294069198524480228903482360,0.003396783864601769316882033786,0.05828193429015349,0.9285488571428571481867605561,0.2508419999999999861537980363,0.6649999999999999748118151387,0.3800000000000000252575738025,0.3160000000000000065780714182,0,0.1800000000000000037470027080,0.5100000000000000314331893773,0,4
154,0.7485488571428571444397578481,0.8292805791294642871427691884,0.003401660156899145969724416622,0.058323752939082596,0.9285488571428571481867605561,0.2508419999999999861537980363,0.6649999999999999748118151387,0.3800000000000000252575738025,0.3160000000000000065780714182,0,0.1800000000000000037470027080,0.5100000000000000314331893773,0,4
154,0.7461210000000000015320899306,0.8291508449966570105661534641,0.003407108355032172089828645246,0.05837044076441578,0.9361210000000000054872594557,0.2508469999999999861540062031,0.6599999999999999747077317302,0.3750000000000000251534903939,0.3180000000000000066197047816,0,0.1900000000000000039551695251,0.5050000000000000313291059687,0,4
156,0.7461210000000000015320899306,0.8290215150200267036984991595,0.003412506154152971935244947902,0.0584166599024026,0.9361210000000000054872594557,0.2508469999999999861540062031,0.6599999999999999747077317302,0.3750000000000000251534903939,0.3180000000000000066197047816,0,0.1900000000000000039551695251,0.5050000000000000313291059687,0,4
156,0.7461210000000000015320899306,0.8288925873139302391539168745,0.003417853944996385006961586611,0.058462414806406904,0.9361210000000000054872594557,0.2508469999999999861540062031,0.6599999999999999747077317302,0.3750000000000000251534903939,0.3180000000000000066197047816,0,0.1900000000000000039551695251,0.5050000000000000313291059687,0,4
156,0.7436930714285714300529594907,0.8287602899290150857236358848,0.003423783413503226370860330394,0.05851310463052893,0.9436930714285714342162958329,0.2508514999999999861539767128,0.6549999999999999746036483217,0.3700000000000000250494069853,0.3200000000000000066613381450,0,0.2000000000000000041633363422,0.5000000000000000312250225601,0,4
157,0.7436930714285714300529594907,0.8286284027685492816063170067,0.003429659734582805591718363229,0.058563296821326626,0.9436930714285714342162958329,0.2508514999999999861539767128,0.6549999999999999746036483217,0.3700000000000000250494069853,0.3200000000000000066613381450,0,0.2000000000000000041633363422,0.5000000000000000312250225601,0,4
157,0.7436930714285714300529594907,0.8284969239274657245605687752,0.003435483316106135954701819228,0.05861299613657483,0.9436930714285714342162958329,0.2508514999999999861539767128,0.6549999999999999746036483217,0.3700000000000000250494069853,0.3200000000000000066613381450,0,0.2000000000000000041633363422,0.5000000000000000312250225601,0,4
157,0.7412650714285714300024439714,0.8283620988076838168410044402,0.003441898167515984048633889512,0.05866769270659947,0.9512650714285714343739471307,0.2508554999999999861542516665,0.6499999999999999744995649132,0.3650000000000000249453235767,0.3220000000000000067029715084,0,0.2100000000000000043715031593,0.4950000000000000311209391515,0,4
157,0.7412650714285714300024439714,0.8282276898148148162440313531,0.003448257116326285610680274238,0.05872186233700601,0.9512650714285714343739471307,0.2508554999999999861542516665,0.6499999999999999744995649132,0.3650000000000000249453235767,0.3220000000000000067029715084,0,0.2100000000000000043715031593,0.4950000000000000311209391515,0,4
157,0.7388370000000000013804659296,0.8280899537750385222303740874,0.003455218337653316238321595009,0.058781105277574665,0.9588370000000000059601359060,0.2508589999999999861542889631,0.6449999999999999743954815047,0.3600000000000000248412401681,0.3240000000000000067446048718,0,0.2200000000000000045796699764,0.4900000000000000310168557429,0,4
159,0.7388370000000000013804659296,0.8279526415384615398906049978,0.003462120459544328938887708378,0.0588397863655565,0.9588370000000000059601359060,0.2508589999999999861542889631,0.6449999999999999743954815047,0.3600000000000000248412401681,0.3240000000000000067446048718,0,0.2200000000000000045796699764,0.4900000000000000310168557429,0,4
159,0.7388370000000000013804659296,0.8278157511520737341478858902,0.003468963927588934674198529138,0.05889791106303291,0.9588370000000000059601359060,0.2508589999999999861542889631,0.6449999999999999743954815047,0.3600000000000000248412401681,0.3240000000000000067446048718,0,0.2200000000000000045796699764,0.4900000000000000310168557429,0,4
159,0.7364089285714285727584878877,0.8276755566389132354340984699,0.003476418886900621245576744663,0.05896116422612957,0.9664089285714285775463246812,0.2508624999999999861543262597,0.6399999999999999742913980962,0.3550000000000000247371567595,0.3260000000000000067862382352,0,0.2300000000000000047878367935,0.4850000000000000309127723343,0,4
159,0.7364089285714285727584878877,0.8275357915117042236995263251,0.003483811974591946150031675619,0.05902382548252821,0.9664089285714285775463246812,0.2508624999999999861543262597,0.6399999999999999742913980962,0.3550000000000000247371567595,0.3260000000000000067862382352,0,0.2300000000000000047878367935,0.4850000000000000309127723343,0,4
159,0.7364089285714285727584878877,0.8273964538007863710222464498,0.003491143653143583880474352532,0.0590859006290298,0.9664089285714285775463246812,0.2508624999999999861543262597,0.6399999999999999742913980962,0.3550000000000000247371567595,0.3260000000000000067862382352,0,0.2300000000000000047878367935,0.4850000000000000309127723343,0,4
159,0.733980857142857144136509846,0.8272538345692475477750926534,0.003499095874005935559748457760,0.05915315607814967,0.9739808571428571491325134566,0.2508659999999999861543635563,0.6349999999999999741873146877,0.3500000000000000246330733509,0.3280000000000000068278715986,0,0.2400000000000000049960036106,0.4800000000000000308086889257,0,4
159,0.733980857142857144136509846,0.8271116501524390258183265210,0.003506983448293416733405870681,0.05921978933003238,0.9739808571428571491325134566,0.2508659999999999861543635563,0.6349999999999999741873146877,0.3500000000000000246330733509,0.3280000000000000068278715986,0,0.2400000000000000049960036106,0.4800000000000000308086889257,0,4
159,0.733980857142857144136509846,0.8269698985649054156483389766,0.003514806855258862688492482699,0.05928580652448664,0.9739808571428571491325134566,0.2508659999999999861543635563,0.6349999999999999741873146877,0.3500000000000000246330733509,0.3280000000000000068278715986,0,0.2400000000000000049960036106,0.4800000000000000308086889257,0,4
159,0.7315527857142857155145318041,0.8268248877551020422438803030,0.003523259691994450615240235166,0.05935705258850418,0.9815527857142857207187022318,0.2508694999999999861544008529,0.6299999999999999740832312792,0.3450000000000000245289899423,0.3300000000000000068695049620,0,0.2500000000000000052041704277,0.4750000000000000307046055171,0,4
159,0.7315527857142857155145318041,0.8266803170388033831744882719,0.003531645105536032769217187964,0.05942764597000316,0.9815527857142857207187022318,0.2508694999999999861544008529,0.6299999999999999740832312792,0.3450000000000000245289899423,0.3300000000000000068695049620,0,0.2500000000000000052041704277,0.4750000000000000307046055171,0,4
159,0.7315527857142857155145318041,0.8265361844155844170113671258,0.003539963591783477979951910526,0.05949759315958485,0.9815527857142857207187022318,0.2508694999999999861544008529,0.6299999999999999740832312792,0.3450000000000000245289899423,0.3300000000000000068695049620,0,0.2500000000000000052041704277,0.4750000000000000307046055171,0,4
159,0.7291247142857142868925537626,0.8263888145666738721851661979,0.003548920235674069635774459313,0.059572814569013526,0.9891247142857142923048910074,0.2508729999999999861544381495,0.6249999999999999739791478707,0.3400000000000000244249065337,0.3320000000000000069111383254,0,0.2600000000000000054123372448,0.4700000000000000306005221085,0,4
159,0.7291247142857142868925537626,0.8262418899438929664672015266,0.003557806679136528040318967923,0.05964735265824065,0.9891247142857142923048910074,0.2508729999999999861544381495,0.6249999999999999739791478707,0.3400000000000000244249065337,0.3320000000000000069111383254,0,0.2600000000000000054123372448,0.4700000000000000306005221085,0,4
159,0.7291247142857142868925537626,0.8260954085326438281873000971,0.003566623434586897521461594849,0.05972121427589109,0.9891247142857142923048910074,0.2508729999999999861544381495,0.6249999999999999739791478707,0.3400000000000000244249065337,0.3320000000000000069111383254,0,0.2600000000000000054123372448,0.4700000000000000306005221085,0,4
159,0.7266966428571428582705757206,0.8259457115963855435940520182,0.003576086919844457795728707432,0.05980039230510497,0.9966966428571428638910797825,0.2508764999999999861544754461,0.6199999999999999738750644622,0.3350000000000000243208231251,0.3340000000000000069527716888,0,0.2700000000000000056205040619,0.4650000000000000304964386999,0,4
159,0.7266966428571428582705757206,0.8257964648764769079770242343,0.003585477427821028063358093143,0.059878856266807806,0.9966966428571428638910797825,0.2508764999999999861544754461,0.6199999999999999738750644622,0.3350000000000000243208231251,0.3340000000000000069527716888,0,0.2700000000000000056205040619,0.4650000000000000304964386999,0,4
159,0.7266966428571428582705757206,0.8256476663449163463408283656,0.003594795487312705049016087847,0.05995661337427845,0.9966966428571428638910797825,0.2508764999999999861544754461,0.6199999999999999738750644622,0.3350000000000000243208231251,0.3340000000000000069527716888,0,0.2700000000000000056205040619,0.4650000000000000304964386999,0,4
159,0.7242685714285714296485976789,0.8254956736988648547116046315,0.003604768696828038990907552870,0.060039725988948675,1.004268571428571435477268558,0.2508799999999999861545127427,0.6149999999999999737709810537,0.3300000000000000242167397165,0.3360000000000000069944050522,0,0.2800000000000000058286708790,0.4600000000000000303923552913,0,4
159,0.7242685714285714296485976789,0.8253441361206159124585162978,0.003614666153536104305749199085,0.06012209372215928,1.004268571428571435477268558,0.2508799999999999861545127427,0.6149999999999999737709810537,0.3300000000000000242167397165,0.3360000000000000069944050522,0,0.2800000000000000058286708790,0.4600000000000000303923552913,0,4
159,0.7242685714285714296485976789,0.8251930515695067278803250891,0.003624488402472101225165458541,0.060203724157830145,1.004268571428571435477268558,0.2508799999999999861545127427,0.6149999999999999737709810537,0.3300000000000000242167397165,0.3360000000000000069944050522,0,0.2800000000000000058286708790,0.4600000000000000303923552913,0,4
159,0.721840500000000001026619637,0.8250387940298507476909912003,0.003634974073350010817757255975,0.06029074616680417,1.011840500000000007063457333,0.2508834999999999861545500393,0.6099999999999999736668976452,0.3250000000000000241126563079,0.3380000000000000070360384156,0,0.2900000000000000060368376961,0.4550000000000000302882718827,0,4
163,0.721840500000000001026619637,0.8248849962742175871147402739,0.003645381218117607287448779125,0.060376992456709924,1.011840500000000007063457333,0.2508834999999999861545500393,0.6099999999999999736668976452,0.3250000000000000241126563079,0.3380000000000000070360384156,0,0.2900000000000000060368376961,0.4550000000000000302882718827,0,4
163,0.721840500000000001026619637,0.8247316562500000014211567610,0.003655710397903833934556279100,0.06046247098741362,1.011840500000000007063457333,0.2508834999999999861545500393,0.6099999999999999736668976452,0.3250000000000000241126563079,0.3380000000000000070360384156,0,0.2900000000000000060368376961,0.4550000000000000302882718827,0,4
163,0.721840500000000001026619637,0.8245787719167904917623238678,0.003665962169253825833041872065,0.060547189606569074,1.011840500000000007063457333,0.2508834999999999861545500393,0.6099999999999999736668976452,0.3250000000000000241126563079,0.3380000000000000070360384156,0,0.2900000000000000060368376961,0.4550000000000000302882718827,0,4
163,0.721840500000000001026619637,0.8244263412462908026069296478,0.003676137084172157217684272288,0.0606311560517541,1.011840500000000007063457333,0.2508834999999999861545500393,0.6099999999999999736668976452,0.3250000000000000241126563079,0.3380000000000000070360384156,0,0.2900000000000000060368376961,0.4550000000000000302882718827,0,4
163,0.721840500000000001026619637,0.8242743622222222236416254847,0.003686235690165622473685836761,0.06071437795255439,1.011840500000000007063457333,0.2508834999999999861545500393,0.6099999999999999736668976452,0.3250000000000000241126563079,0.3380000000000000070360384156,0,0.2900000000000000060368376961,0.4550000000000000302882718827,0,4
164,0.7325547857142857149158256996,0.8241386823753169921198417572,0.003693190386079014239146896033,0.06077162484317014,1.022554785714285720952663396,0.2008834999999999833789924777,0.6849999999999999708913400836,0.5150000000000000350067197371,0.3380000000000000070360384156,-0.05000000000000000277555756156,0.2900000000000000060368376961,0.3650000000000000249453235767,0,4
164,0.7325547857142857149158256996,0.8240034033551382162303232697,0.003700087962566966713392018635,0.06082834834653138,1.022554785714285720952663396,0.2008834999999999833789924777,0.6849999999999999708913400836,0.5150000000000000350067197371,0.3380000000000000070360384156,-0.05000000000000000277555756156,0.2900000000000000060368376961,0.3650000000000000249453235767,0,4
164,0.7372695714285714295474987381,0.8238754773493468197897881302,0.003705693412386717791683697963,0.060874406875030145,1.037269571428571435792503251,0.2008869999999999833790297743,0.6799999999999999707872566751,0.5100000000000000349026363285,0.3400000000000000070776717790,0,0.3000000000000000062450045132,0.3600000000000000248412401681,0,4
164,0.7372695714285714295474987381,0.8237479281506417013947332121,0.003711249837672377465883028773,0.06092002821463872,1.037269571428571435792503251,0.2008869999999999833790297743,0.6799999999999999707872566751,0.5100000000000000349026363285,0.3400000000000000070776717790,0,0.3000000000000000062450045132,0.3600000000000000248412401681,0,4
164,0.7348415000000000009255206963,0.8236171834033613459528667231,0.003717382002563644332791881626,0.060970337071100764,1.044841500000000007378692027,0.2008904999999999833790670709,0.6749999999999999706831732666,0.5050000000000000347985529199,0.3420000000000000071193051424,0,0.3100000000000000064531713303,0.3550000000000000247371567595,0,4
164,0.7348415000000000009255206963,0.8234868226347807859748529991,0.003723462195254482415391553373,0.06102017859081111,1.044841500000000007378692027,0.2008904999999999833790670709,0.6749999999999999706831732666,0.5050000000000000347985529199,0.3420000000000000071193051424,0,0.3100000000000000064531713303,0.3550000000000000247371567595,0,4
164,0.7348415000000000009255206963,0.8233568441558441572577718667,0.003729490793430102725985649896,0.061069557010265785,1.044841500000000007378692027,0.2008904999999999833790670709,0.6749999999999999706831732666,0.5050000000000000347985529199,0.3420000000000000071193051424,0,0.3100000000000000064531713303,0.3550000000000000247371567595,0,4
164,0.7324134285714285723035426546,0.8232236912779753203837539616,0.003736104282477543329777811871,0.061123680210516965,1.052413428571428578964880802,0.2008939999999999833791043675,0.6699999999999999705790898581,0.5000000000000000346944695113,0.3440000000000000071609385058,0,0.3200000000000000066613381474,0.3500000000000000246330733509,0,4
164,0.7324134285714285723035426546,0.8230909277360066847871454656,0.003742663207290795553400057056,0.06117730957872204,1.052413428571428578964880802,0.2008939999999999833791043675,0.6699999999999999705790898581,0.5000000000000000346944695113,0.3440000000000000071609385058,0,0.3200000000000000066613381474,0.3500000000000000246330733509,0,4
164,0.7324134285714285723035426546,0.8229585518248175196594321769,0.003749167960776460663357962143,0.06123044962089092,1.052413428571428578964880802,0.2008939999999999833791043675,0.6699999999999999705790898581,0.5000000000000000346944695113,0.3440000000000000071609385058,0,0.3200000000000000066613381474,0.3500000000000000246330733509,0,4
164,0.7299854285714285722530271353,0.8228230224906289060334753182,0.003756266577225338042552594929,0.06128838860033227,1.059985428571428579122532100,0.2008979999999999833793793212,0.6649999999999999704750064496,0.4950000000000000345903861027,0.3460000000000000072025718692,0,0.3300000000000000068695049645,0.3450000000000000245289899423,0,4
164,0.7299854285714285722530271353,0.8226878877105427337863422058,0.003763308031887949094500954739,0.061345806962562234,1.059985428571428579122532100,0.2008979999999999833793793212,0.6649999999999999704750064496,0.4950000000000000345903861027,0.3460000000000000072025718692,0,0.3300000000000000068695049645,0.3450000000000000245289899423,0,4
164,0.7299854285714285722530271353,0.8225531457641196027376019222,0.003770292732810010253656910935,0.061402709490787216,1.059985428571428579122532100,0.2008979999999999833793793212,0.6649999999999999704750064496,0.4950000000000000345903861027,0.3460000000000000072025718692,0,0.3300000000000000068695049645,0.3450000000000000245289899423,0,4
164,0.7275575000000000007738966953,0.8224152710968277020090624372,0.003777880111626625856815346684,0.061464462184473934,1.067557500000000007851568477,0.2009024999999999833793498309,0.6599999999999999703709230411,0.4900000000000000344863026941,0.3480000000000000072442052326,0,0.3400000000000000070776717816,0.3400000000000000244249065337,0,4
164,0.7275575000000000007738966953,0.8222777960662525893985766897,0.003785407726663222841972108861,0.06152566721835061,1.067557500000000007851568477,0.2009024999999999833793498309,0.6599999999999999703709230411,0.4900000000000000344863026941,0.3480000000000000072442052326,0,0.3400000000000000070776717816,0.3400000000000000244249065337,0,4
164,0.7275575000000000007738966953,0.8221407189373578678520865595,0.003792876001016173564126103900,0.0615863296602109,1.067557500000000007851568477,0.2009024999999999833793498309,0.6599999999999999703709230411,0.4900000000000000344863026941,0.3480000000000000072442052326,0,0.3400000000000000070776717816,0.3400000000000000244249065337,0,4
164,0.7251296428571428578662287779,0.8220005295210569791093324298,0.003800955614718538768146505058,0.06165189060133143,1.075129642857142865152067377,0.2009074999999999833795579977,0.6549999999999999702668396326,0.4850000000000000343822192855,0.3500000000000000072858385960,0,0.3500000000000000072858385987,0.3350000000000000243208231251,0,4
164,0.7251296428571428578662287779,0.8218607446918161217915213134,0.003808972859231426777552056587,0.06171687661597455,1.075129642857142865152067377,0.2009074999999999833795579977,0.6549999999999999702668396326,0.4850000000000000343822192855,0.3500000000000000072858385960,0,0.3500000000000000072858385987,0.3350000000000000243208231251,0,4
164,0.7227018571428571435300233829,0.8217178644503911088545450916,0.003817611471398421291735984945,0.061786822797409005,1.082701857142857151024028799,0.2009129999999999833800038216,0.6499999999999999701627562241,0.4800000000000000342781358769,0.3520000000000000073274719594,0,0.3600000000000000074940054158,0.3300000000000000242167397165,0,4
164,0.7227018571428571435300233829,0.8215753953751284700555170029,0.003826184658579960857809757013,0.061856161039786174,1.082701857142857151024028799,0.2009129999999999833800038216,0.6499999999999999701627562241,0.4800000000000000342781358769,0.3520000000000000073274719594,0,0.3600000000000000074940054158,0.3300000000000000242167397165,0,4
164,0.7227018571428571435300233829,0.8214333356937602641266010638,0.003834692877255632527505603570,0.06192489707101363,1.082701857142857151024028799,0.2009129999999999833800038216,0.6499999999999999701627562241,0.4800000000000000342781358769,0.3520000000000000073274719594,0,0.3600000000000000074940054158,0.3300000000000000242167397165,0,4
164,0.7202740714285714291938179877,0.8212882004509120735456358083,0.003843830841939831164426677881,0.06199863580708717,1.090274071428571436895990221,0.2009184999999999833804496455,0.6449999999999999700586728156,0.4750000000000000341740524683,0.3540000000000000073691053228,0,0.3700000000000000077021722329,0.3250000000000000241126563079,0,4
164,0.7202740714285714291938179877,0.8211434810683585769204899375,0.003852900765950059464138527599,0.0620717388668149,1.090274071428571436895990221,0.2009184999999999833804496455,0.6449999999999999700586728156,0.4750000000000000341740524683,0.3540000000000000073691053228,0,0.3700000000000000077021722329,0.3250000000000000241126563079,0,4
164,0.7202740714285714291938179877,0.8209991757612916425174474884,0.003861903120566493388067588754,0.06214421228534877,1.090274071428571436895990221,0.2009184999999999833804496455,0.6449999999999999700586728156,0.4750000000000000341740524683,0.3540000000000000073691053228,0,0.3700000000000000077021722329,0.3250000000000000241126563079,0,4
164,0.7178462857142857148576125927,0.8208518144897959197636477243,0.003871543457477573341588756136,0.06222172817816597,1.097846285714285722767951643,0.2009239999999999833808954694,0.6399999999999999699545894071,0.4700000000000000340699690597,0.3560000000000000074107386862,0,0.3800000000000000079103390500,0.3200000000000000240085728993,0,4
164,0.7178462857142857148576125927,0.8207048736498879166182753489,0.003881113137441379957092528020,0.062298580541143796,1.097846285714285722767951643,0.2009239999999999833808954694,0.6399999999999999699545894071,0.4700000000000000340699690597,0.3560000000000000074107386862,0,0.3800000000000000079103390500,0.3200000000000000240085728993,0,4
164,0.7178462857142857148576125927,0.8205583514448514462453969120,0.003890612646428842457597916974,0.06237477572247328,1.097846285714285722767951643,0.2009239999999999833808954694,0.6399999999999999699545894071,0.4700000000000000340699690597,0.3560000000000000074107386862,0,0.3800000000000000079103390500,0.3200000000000000240085728993,0,4
164,0.7154185000000000005214071977,0.8204087926234505195800711798,0.003900758235189481043683456129,0.06245605042899752,1.105418500000000008639913065,0.2009294999999999833813412933,0.6349999999999999698505059986,0.4650000000000000339658856511,0.3580000000000000074523720496,0,0.3900000000000000081185058671,0.3150000000000000239044894907,0,4
164,0.7154185000000000005214071977,0.8202596586850649364564083048,0.003910830550983852472380719152,0.06253663367166362,1.105418500000000008639913065,0.2009294999999999833813412933,0.6349999999999999698505059986,0.4650000000000000339658856511,0.3580000000000000074523720496,0,0.3900000000000000081185058671,0.3150000000000000239044894907,0,4
164,0.7154185000000000005214071977,0.8201109478216818656252948281,0.003920830094359613787883244228,0.06261653211700256,1.105418500000000008639913065,0.2009294999999999833813412933,0.6349999999999999698505059986,0.4650000000000000339658856511,0.3580000000000000074523720496,0,0.3900000000000000081185058671,0.3150000000000000239044894907,0,4
164,0.7129907142857142861852018027,0.8199592194455685970991757161,0.003931483679347962462883550323,0.06270154447338569,1.112990714285714294511874487,0.2009349999999999833817871172,0.6299999999999999697464225901,0.4600000000000000338618022425,0.3600000000000000074940054130,0,0.4000000000000000083266726842,0.3100000000000000238004060821,0,4
165,0.7129907142857142861852018027,0.8198079202869266532364968280,0.003942061376403913632415727842,0.06278583738713622,1.112990714285714294511874487,0.2009349999999999833817871172,0.6299999999999999697464225901,0.4600000000000000338618022425,0.3600000000000000074940054130,0,0.4000000000000000083266726842,0.3100000000000000238004060821,0,4
165,0.7129907142857142861852018027,0.8196570485270379352039385017,0.003952563700533967107447484986,0.06286941784790095,1.112990714285714294511874487,0.2009349999999999833817871172,0.6299999999999999697464225901,0.4600000000000000338618022425,0.3600000000000000074940054130,0,0.4000000000000000083266726842,0.3100000000000000238004060821,0,4
165,0.7105629285714285718489964077,0.8195031781180737471032968344,0.003963727895556183408159865403,0.06295814399707303,1.120562928571428580383835909,0.2009404999999999833822329411,0.6249999999999999696423391816,0.4550000000000000337577188339,0.3620000000000000075356387764,0,0.4100000000000000085348395013,0.3050000000000000236963226735,0,4
166,0.7105629285714285718489964077,0.8193497411468812891099809183,0.003974813589492479878664239655,0.06304612271577437,1.120562928571428580383835909,0.2009404999999999833822329411,0.6249999999999999696423391816,0.4550000000000000337577188339,0.3620000000000000075356387764,0,0.4100000000000000085348395013,0.3050000000000000236963226735,0,4
166,0.7105629285714285718489964077,0.8191967357846092037129893789,0.003985821311686766821565623435,0.06313336132099072,1.120562928571428580383835909,0.2009404999999999833822329411,0.6249999999999999696423391816,0.4550000000000000337577188339,0.3620000000000000075356387764,0,0.4100000000000000085348395013,0.3050000000000000236963226735,0,4
166,0.7081351428571428575127910126,0.8190407504012841105301239317,0.003997498604485991982231044583,0.06322577484290716,1.128135142857142866255797331,0.2009459999999999833826787650,0.6199999999999999695382557731,0.4500000000000000336536354253,0.3640000000000000075772721398,0,0.4200000000000000087430063184,0.3000000000000000235922392649,0,4
167,0.7081351428571428575127910126,0.8188852025646163107362707299,0.004009094785580975071837153812,0.06331741297290165,1.128135142857142866255797331,0.2009459999999999833826787650,0.6199999999999999695382557731,0.4500000000000000336536354253,0.3640000000000000075772721398,0,0.4200000000000000087430063184,0.3000000000000000235922392649,0,4
167,0.7081351428571428575127910126,0.8187300904361744711659297218,0.004020610398528352908685931346,0.06340828335894572,1.128135142857142866255797331,0.2009459999999999833826787650,0.6199999999999999695382557731,0.4500000000000000336536354253,0.3640000000000000075772721398,0,0.4200000000000000087430063184,0.3000000000000000235922392649,0,4
167,0.7057073571428571431765856176,0.8185720166833166846932173524,0.004032803155136262687841948901,0.06350435540288762,1.135707357142857152127758753,0.2009514999999999833831245889,0.6149999999999999694341723646,0.4450000000000000335495520167,0.3660000000000000076189055032,0,0.4300000000000000089511731355,0.2950000000000000234881558563,0,4
169,0.7057073571428571431765856176,0.8184143844772545903614902131,0.004044912192643833009966501884,0.06359962415489444,1.135707357142857152127758753,0.2009514999999999833831245889,0.6149999999999999694341723646,0.4450000000000000335495520167,0.3660000000000000076189055032,0,0.4300000000000000089511731355,0.2950000000000000234881558563,0,4
169,0.7057073571428571431765856176,0.8182571919705120555676479473,0.004056938068692771042983019833,0.06369409759697339,1.135707357142857152127758753,0.2009514999999999833831245889,0.6149999999999999694341723646,0.4450000000000000335495520167,0.3660000000000000076189055032,0,0.4300000000000000089511731355,0.2950000000000000234881558563,0,4
169,0.7057073571428571431765856176,0.8181004373259052938512258549,0.004068881336665389872893573306,0.0637877836005092,1.135707357142857152127758753,0.2009514999999999833831245889,0.6149999999999999694341723646,0.4450000000000000335495520167,0.3660000000000000076189055032,0,0.4300000000000000089511731355,0.2950000000000000234881558563,0,4
169,0.7057073571428571431765856176,0.8179441187164712908600232954,0.004080742545722228425683099056,0.06388068992835182,1.135707357142857152127758753,0.2009514999999999833831245889,0.6149999999999999694341723646,0.4450000000000000335495520167,0.3660000000000000076189055032,0,0.4300000000000000089511731355,0.2950000000000000234881558563,0,4
169,0.7057073571428571431765856176,0.8177882343253968267660185208,0.004092522240839291364927057296,0.06397282423685303,1.135707357142857152127758753,0.2009514999999999833831245889,0.6149999999999999694341723646,0.4450000000000000335495520167,0.3660000000000000076189055032,0,0.4300000000000000089511731355,0.2950000000000000234881558563,0,4
169,0.7357073571428571447923566267,0.8176743912225084222140439551,0.004096164504965470869185796580,0.06400128518213889,1.165707357142857153743529762,0.2009514999999999833831245889,0.6649999999999999722097299262,0.4550000000000000337577188338,0.3660000000000000076189055032,-0.05000000000000000277555756156,0.4300000000000000089511731355,0.4950000000000000345903861026,0,4
169,0.7357073571428571447923566267,0.8175608634744756642120748590,0.004099770920469369542563706679,0.06402945353873771,1.165707357142857153743529762,0.2009514999999999833831245889,0.6649999999999999722097299262,0.4550000000000000337577188338,0.3660000000000000076189055032,-0.05000000000000000277555756156,0.4300000000000000089511731355,0.4950000000000000345903861026,0,4
169,0.7404224285714285737098023119,0.8174541713100177844188490325,0.004102307737162142463794130141,0.06404926023899217,1.180422428571428582869142264,0.2009569999999999833835704128,0.6599999999999999721056465177,0.4500000000000000336536354252,0.3680000000000000076605388666,0,0.4400000000000000091593399526,0.4900000000000000344863026940,0,4
171,0.7404224285714285737098023119,0.8173477738752959761167647138,0.004104814920881696458486616460,0.064068829557607,1.180422428571428582869142264,0.2009569999999999833835704128,0.6599999999999999721056465177,0.4500000000000000336536354252,0.3680000000000000076605388666,0,0.4400000000000000091593399526,0.4900000000000000344863026940,0,4
171,0.7379946428571428593735969167,0.8172383212807881787143603444,0.004107814570053045995403970941,0.06409223486548933,1.187994642857142868741103686,0.2009624999999999833840162367,0.6549999999999999720015631092,0.4450000000000000335495520166,0.3700000000000000077021722300,0,0.4500000000000000093675067697,0.4850000000000000343822192854,0,4
172,0.7379946428571428593735969167,0.8171291702085793008640287143,0.004110782144225335521938296825,0.06411538149481243,1.187994642857142868741103686,0.2009624999999999833840162367,0.6549999999999999720015631092,0.4450000000000000335495520166,0.3700000000000000077021722300,0,0.4500000000000000093675067697,0.4850000000000000343822192854,0,4
172,0.7379946428571428593735969167,0.8170203194144232672443719993,0.004113717873814208372964033550,0.06413827152187848,1.187994642857142868741103686,0.2009624999999999833840162367,0.6549999999999999720015631092,0.4450000000000000335495520166,0.3700000000000000077021722300,0,0.4500000000000000093675067697,0.4850000000000000343822192854,0,4
172,0.7355668571428571450373915219,0.8169084327904238632303514217,0.004117155695318349321586522074,0.0641650660041611,1.195566857142857154613065109,0.2009679999999999833844620606,0.6499999999999999718974797007,0.4400000000000000334454686080,0.3720000000000000077438055934,0,0.4600000000000000095756735868,0.4800000000000000342781358768,0,4
174,0.7355668571428571450373915219,0.8167968531256123862506628621,0.004120559202248445457806243599,0.06419158202014066,1.195566857142857154613065109,0.2009679999999999833844620606,0.6499999999999999718974797007,0.4400000000000000334454686080,0.3720000000000000077438055934,0,0.4600000000000000095756735868,0.4800000000000000342781358768,0,4
174,0.7355668571428571450373915219,0.8166855791585127215366720795,0.004123928637672013621173406064,0.06421782180728348,1.195566857142857154613065109,0.2009679999999999833844620606,0.6499999999999999718974797007,0.4400000000000000334454686080,0.3720000000000000077438055934,0,0.4600000000000000095756735868,0.4800000000000000342781358768,0,4
174,0.7331390000000000021297236043,0.8165712883525503238357049817,0.004127809647387569148469234386,0.0642480322452569,1.203139000000000011913564008,0.2009729999999999833846702274,0.6449999999999999717933962922,0.4350000000000000333413851994,0.3740000000000000077854389568,0,0.4700000000000000097838404039,0.4750000000000000341740524682,0,4
175,0.7331390000000000021297236043,0.8164573098165495720300957175,0.004131654088785518562780486533,0.06427794403048,1.203139000000000011913564008,0.2009729999999999833846702274,0.6449999999999999717933962922,0.4350000000000000333413851994,0.3740000000000000077854389568,0,0.4700000000000000097838404039,0.4750000000000000341740524682,0,4
175,0.7331390000000000021297236043,0.8163436422724615098610638319,0.004135462217580747443995476408,0.06430755956791354,1.203139000000000011913564008,0.2009729999999999833846702274,0.6449999999999999717933962922,0.4350000000000000333413851994,0.3740000000000000077854389568,0,0.4700000000000000097838404039,0.4750000000000000341740524682,0,4
175,0.7307110714285714306505931646,0.8162269766446087985814855341,0.004139791247318264528011189139,0.06434120955746997,1.210711071428571440642600386,0.2009774999999999833846407371,0.6399999999999999716893128837,0.4300000000000000332373017908,0.3760000000000000078270723202,0,0.4800000000000000099920072210,0.4700000000000000340699690596,0,4
176,0.7307110714285714306505931646,0.8161106284742468429788584697,0.004144081442007079908189865936,0.0643745403246274,1.210711071428571440642600386,0.2009774999999999833846407371,0.6399999999999999716893128837,0.4300000000000000332373017908,0.3760000000000000078270723202,0,0.4800000000000000099920072210,0.4700000000000000340699690596,0,4
176,0.728283071428571430600077645,0.8159912975543478274729090391,0.004148902979355073448125199923,0.06441197853936077,1.218283071428571440800251683,0.2009814999999999833849156908,0.6349999999999999715852294752,0.4250000000000000331332183822,0.3780000000000000078687056836,0,0.4900000000000000102001740381,0.4650000000000000339658856510,0,4
177,0.728283071428571430600077645,0.8158722904632680765951982773,0.004153683126318103287748460228,0.06444907389806391,1.218283071428571440800251683,0.2009814999999999833849156908,0.6349999999999999715852294752,0.4250000000000000331332183822,0.3780000000000000078687056836,0,0.4900000000000000102001740381,0.4650000000000000339658856510,0,4
177,0.728283071428571430600077645,0.8157536058846302762618715556,0.004158422165981667616273070802,0.0644858291873623,1.218283071428571440800251683,0.2009814999999999833849156908,0.6349999999999999715852294752,0.4250000000000000331332183822,0.3780000000000000078687056836,0,0.4900000000000000102001740381,0.4650000000000000339658856510,0,4
177,0.7258550714285714305495621257,0.8156319569882080044814760083,0.004163701553011175619488603800,0.06452675067761568,1.225855071428571440957902981,0.2009854999999999833851906445,0.6299999999999999714811460667,0.4200000000000000330291349736,0.3800000000000000079103390470,0,0.5000000000000000104083408552,0.4600000000000000338618022424,0,4
177,0.7258550714285714305495621257,0.8155106368725868739761626111,0.004168937254176141782293922604,0.06456730793657223,1.225855071428571440957902981,0.2009854999999999833851906445,0.6299999999999999714811460667,0.4200000000000000330291349736,0.3800000000000000079103390470,0,0.5000000000000000104083408552,0.4600000000000000338618022424,0,4
177,0.7258550714285714305495621257,0.8153896442066705238500808290,0.004174129565199597357742835283,0.06460750393878097,1.225855071428571440957902981,0.2009854999999999833851906445,0.6299999999999999714811460667,0.4200000000000000330291349736,0.3800000000000000079103390470,0,0.5000000000000000104083408552,0.4600000000000000338618022424,0,4
177,0.7234270714285714304990466064,0.8152657054293415493307398125,0.004179871081547208964165070482,0.06465192248918208,1.233427071428571441115554279,0.2009894999999999833854655982,0.6249999999999999713770626582,0.4150000000000000329250515650,0.3820000000000000079519724104,0,0.5100000000000000106165076723,0.4550000000000000337577188338,0,4
177,0.7234270714285714304990466064,0.8151421002691790054292166723,0.004185566607029963029152851526,0.06469595510563209,1.233427071428571441115554279,0.2009894999999999833854655982,0.6249999999999999713770626582,0.4150000000000000329250515650,0.3820000000000000079519724104,0,0.5100000000000000106165076723,0.4550000000000000337577188338,0,4
177,0.7234270714285714304990466064,0.8150188273809523823446331103,0.004191216449975407314763190423,0.06473960495689951,1.233427071428571441115554279,0.2009894999999999833854655982,0.6249999999999999713770626582,0.4150000000000000329250515650,0.3820000000000000079519724104,0,0.5100000000000000106165076723,0.4550000000000000337577188338,0,4
177,0.720999071428571430448531087,0.8148926263662511998588665305,0.004197424212671863263343262796,0.06478753130558274,1.240999071428571441273205576,0.2009934999999999833857405519,0.6199999999999999712729792497,0.4100000000000000328209681564,0.3840000000000000079936057738,0,0.5200000000000000108246744894,0.4500000000000000336536354252,0,4
177,0.720999071428571430448531087,0.8147667636920720044575121934,0.004203583670982521014197262771,0.06483504971065049,1.240999071428571441273205576,0.2009934999999999833857405519,0.6199999999999999712729792497,0.4100000000000000328209681564,0.3840000000000000079936057738,0,0.5200000000000000108246744894,0.4500000000000000336536354252,0,4
177,0.720999071428571430448531087,0.8146412379996175190840061946,0.004209695145800642862340775648,0.06488216354130497,1.240999071428571441273205576,0.2009934999999999833857405519,0.6199999999999999712729792497,0.4100000000000000328209681564,0.3840000000000000079936057738,0,0.5200000000000000108246744894,0.4500000000000000336536354252,0,4
177,0.7185710714285714303980155679,0.8145128019480519494467254586,0.004216373114395926253791553183,0.06493360543197896,1.248571071428571441430856874,0.2009974999999999833860155056,0.6149999999999999711688958412,0.4050000000000000327168847478,0.3860000000000000080352391372,0,0.5300000000000000110328413065,0.4450000000000000335495520166,0,4
178,0.7185710714285714303980155679,0.8143847088498950996215602919,0.004223000457522106426193032025,0.0649846170837538,1.248571071428571441430856874,0.2009974999999999833860155056,0.6149999999999999711688958412,0.4050000000000000327168847478,0.3860000000000000080352391372,0,0.5300000000000000110328413065,0.4450000000000000335495520166,0,4
178,0.7185710714285714303980155679,0.8142569573333333347292622323,0.004229577508593915768130155241,0.06503520207236936,1.248571071428571441430856874,0.2009974999999999833860155056,0.6149999999999999711688958412,0.4050000000000000327168847478,0.3860000000000000080352391372,0,0.5300000000000000110328413065,0.4450000000000000335495520166,0,4
178,0.7161430714285714303475000483,0.8141263130112231324597791933,0.004236729490115154609495811917,0.06509016431163125,1.256143071428571441588508172,0.2010014999999999833862904593,0.6099999999999999710648124327,0.4000000000000000326128013392,0.3880000000000000080768725006,0,0.5400000000000000112410081236,0.4400000000000000334454686080,0,4
179,0.7161430714285714303475000483,0.8139960161474164147708000987,0.004243828518439668143961437455,0.06514467375342106,1.256143071428571441588508172,0.2010014999999999833862904593,0.6099999999999999710648124327,0.4000000000000000326128013392,0.3880000000000000080768725006,0,0.5400000000000000112410081236,0.4400000000000000334454686080,0,4
179,0.7161430714285714303475000483,0.8138660653576171518432791158,0.004250874939454298474367796618,0.0651987341859817,1.256143071428571441588508172,0.2010014999999999833862904593,0.6099999999999999710648124327,0.4000000000000000326128013392,0.3880000000000000080768725006,0,0.5400000000000000112410081236,0.4400000000000000334454686080,0,4
179,0.713715071428571430296984529,0.8137332391057218657404325712,0.004258504593202362508395350897,0.06525721870569082,1.263715071428571441746159470,0.2010054999999999833865654130,0.6049999999999999709607290242,0.3950000000000000325087179306,0.3900000000000000081185058640,0,0.5500000000000000114491749407,0.4350000000000000333413851994,0,4
179,0.713715071428571430296984529,0.8136007647114474943027591301,0.004266078960261168375871220858,0.06531522762925326,1.263715071428571441746159470,0.2010054999999999833865654130,0.6049999999999999709607290242,0.3950000000000000325087179306,0.3900000000000000081185058640,0,0.5500000000000000114491749407,0.4350000000000000333413851994,0,4
179,0.713715071428571430296984529,0.8134686407785336370752382642,0.004273598398935502438079019706,0.0653727649632131,1.263715071428571441746159470,0.2010054999999999833865654130,0.6049999999999999709607290242,0.3950000000000000325087179306,0.3900000000000000081185058640,0,0.5500000000000000114491749407,0.4350000000000000333413851994,0,4
179,0.7112870714285714302464690097,0.8133336585204755628257947116,0.004281709241125951675453126363,0.06543477088770122,1.271287071428571441903810768,0.2010094999999999833868403667,0.5999999999999999708566456157,0.3900000000000000324046345220,0.3920000000000000081601392274,0,0.5600000000000000116573417578,0.4300000000000000332373017908,0,4
179,0.7112870714285714302464690097,0.8131990324161326813843971843,0.004289762458211973119710199028,0.06549627820122281,1.271287071428571441903810768,0.2010094999999999833868403667,0.5999999999999999708566456157,0.3900000000000000324046345220,0.3920000000000000081601392274,0,0.5600000000000000116573417578,0.4300000000000000332373017908,0,4
179,0.7112870714285714302464690097,0.8130647610577827983130692157,0.004297758420857622798425470017,0.06555729113422566,1.271287071428571441903810768,0.2010094999999999833868403667,0.5999999999999999708566456157,0.3900000000000000324046345220,0.3920000000000000081601392274,0,0.5600000000000000116573417578,0.4300000000000000332373017908,0,4
179,0.7088590714285714301959534903,0.8129276483082706780918624845,0.004306353829111449443226840789,0.06562281485208821,1.278859071428571442061462065,0.2010134999999999833871153204,0.5949999999999999707525622072,0.3850000000000000323005511134,0.3940000000000000082017725908,0,0.5700000000000000118655085749,0.4250000000000000331332183822,0,4
179,0.7088590714285714301959534903,0.8127908959076403242838520916,0.004314889269729631486268518057,0.06568781675264929,1.278859071428571442061462065,0.2010134999999999833871153204,0.5949999999999999707525622072,0.3850000000000000323005511134,0.3940000000000000082017725908,0,0.5700000000000000118655085749,0.4250000000000000331332183822,0,4
179,0.7088590714285714301959534903,0.8126545024371953519818994688,0.004323365125672592610771367084,0.06575230129563978,1.278859071428571442061462065,0.2010134999999999833871153204,0.5949999999999999707525622072,0.3850000000000000323005511134,0.3940000000000000082017725908,0,0.5700000000000000118655085749,0.4250000000000000331332183822,0,4
179,0.7064310714285714301454379711,0.8125152843100542983490862820,0.004332448343361991278000735961,0.06582133653582242,1.286431071428571442219113363,0.2010174999999999833873902741,0.5899999999999999706484787987,0.3800000000000000321964677048,0.3960000000000000082434059542,0,0.5800000000000000120736753920,0.4200000000000000330291349736,0,4
179,0.7064310714285714301454379711,0.8123764306282722527100762712,0.004341469247540776147686981370,0.06588982658605785,1.286431071428571442219113363,0.2010174999999999833873902741,0.5899999999999999706484787987,0.3800000000000000321964677048,0.3960000000000000082434059542,0,0.5800000000000000120736753920,0.4200000000000000330291349736,0,4
179,0.7064310714285714301454379711,0.8122379399626517287590113846,0.004350428233398877292067594017,0.06595777614048913,1.286431071428571442219113363,0.2010174999999999833873902741,0.5899999999999999706484787987,0.3800000000000000321964677048,0.3960000000000000082434059542,0,0.5800000000000000120736753920,0.4200000000000000330291349736,0,4
179,0.7040030714285714300949224516,0.8120966411786646787607553939,0.004360002373853080160126028782,0.06603031405235842,1.294003071428571442376764661,0.2010214999999999833876652278,0.5849999999999999705443953902,0.3750000000000000320923842962,0.3980000000000000082850393176,0,0.5900000000000000122818422091,0.4150000000000000329250515650,0,4
179,0.7040030714285714300949224516,0.8119557108400074515786617395,0.004369511852317281528583413755,0.0661022832609985,1.294003071428571442376764661,0.2010214999999999833876652278,0.5849999999999999705443953902,0.3750000000000000320923842962,0.3980000000000000082850393176,0,0.5900000000000000122818422091,0.4150000000000000329250515650,0,4
179,0.7040030714285714300949224516,0.8118151475074404775923547874,0.004378957076140352578014818029,0.06617368869981749,1.294003071428571442376764661,0.2010214999999999833876652278,0.5849999999999999705443953902,0.3750000000000000320923842962,0.3980000000000000082850393176,0,0.5900000000000000122818422091,0.4150000000000000329250515650,0,4
179,0.7040030714285714300949224516,0.8116749497492104788309797129,0.004388338449748875528079686956,0.06624453524441752,1.294003071428571442376764661,0.2010214999999999833876652278,0.5849999999999999705443953902,0.3750000000000000320923842962,0.3980000000000000082850393176,0,0.5900000000000000122818422091,0.4150000000000000329250515650,0,4
179,0.7040030714285714300949224516,0.8115351161410018566897640542,0.004397656374671326516311567451,0.06631482771350104,1.294003071428571442376764661,0.2010214999999999833876652278,0.5849999999999999705443953902,0.3750000000000000320923842962,0.3980000000000000082850393176,0,0.5900000000000000122818422091,0.4150000000000000329250515650,0,4
179,0.7040030714285714300949224516,0.8113956452658884579522869575,0.004406911249562029840904846751,0.06638457086975881,1.294003071428571442376764661,0.2010214999999999833876652278,0.5849999999999999705443953902,0.3750000000000000320923842962,0.3980000000000000082850393176,0,0.5900000000000000122818422091,0.4150000000000000329250515650,0,4
179,0.6754316428571428570803181307,0.8112195260917838652050434745,0.004425086687364856875530023,0.06652132505719392,0.6754316428571428570803181307,0.2010214999999999833876652278,0.5349999999999999677688378286,0.3250000000000000293168267346,0.3980000000000000082850393176,-0.1000000000000000055511151231,0,0.4150000000000000329250515650,0,5
179,0.6754316428571428570803181307,0.8110438625947144719215703498,0.004443153424046340124415602503,0.06665698331042547,0.6754316428571428570803181307,0.2010214999999999833876652278,0.5349999999999999677688378286,0.3250000000000000293168267346,0.3980000000000000082850393176,-0.1000000000000000055511151231,0,0.4150000000000000329250515650,0,5
179,0.6872893571428571435371047719,0.8108839730527870076730116088,0.004457148870632744191822987751,0.06676188186856886,0.6972893571428571437452715890,0.2010254999999999833879401815,0.5299999999999999676647544201,0.3200000000000000292127433260,0.4000000000000000083266726810,0,0.01000000000000000020816681712,0.4100000000000000328209681564,0,5
181,0.6872893571428571435371047719,0.8107244961290322594612233419,0.004471057366975845641930391,0.06686596568491213,0.6972893571428571437452715890,0.2010254999999999833879401815,0.5299999999999999676647544201,0.3200000000000000292127433260,0.4000000000000000083266726810,0,0.01000000000000000020816681712,0.4100000000000000328209681564,0,5
181,0.6848613571428571434865892526,0.8105623013622974977138333496,0.004485657457195797974098357012,0.06697505100554832,0.7048613571428571439029228868,0.2010294999999999833882151352,0.5249999999999999675606710116,0.3150000000000000291086599174,0.4020000000000000083683060444,0,0.02000000000000000041633363424,0.4050000000000000327168847478,0,5
184,0.6848613571428571434865892526,0.8104005240853098009902461629,0.004500167656654497073389353300,0.06708328895227557,0.7048613571428571439029228868,0.2010294999999999833882151352,0.5249999999999999675606710116,0.3150000000000000291086599174,0.4020000000000000083683060444,0,0.02000000000000000041633363424,0.4050000000000000327168847478,0,5
184,0.6848613571428571434865892526,0.8102391626882115327929406914,0.004514588513295517897014949301,0.06719068769774215,0.7048613571428571439029228868,0.2010294999999999833882151352,0.5249999999999999675606710116,0.3150000000000000291086599174,0.4020000000000000083683060444,0,0.02000000000000000041633363424,0.4050000000000000327168847478,0,5
184,0.6824333571428571434360737331,0.8100750987529800123958201946,0.004529707673357096656849491997,0.06730310299946873,0.7124333571428571440605741845,0.2010334999999999833884900889,0.5199999999999999674565876031,0.3100000000000000290045765088,0.4040000000000000084099394078,0,0.03000000000000000062450045136,0.4000000000000000326128013392,0,5
184,0.6824333571428571434360737331,0.8099114554945054958971538529,0.004544734542441706187285326994,0.06741464634960051,0.7124333571428571440605741845,0.2010334999999999833884900889,0.5199999999999999674565876031,0.3100000000000000290045765088,0.4040000000000000084099394078,0,0.03000000000000000062450045136,0.4000000000000000326128013392,0,5
184,0.6824333571428571434360737331,0.8097482312968721433331831997,0.004559669680262975035490776805,0.06752532621367316,0.7124333571428571440605741845,0.2010334999999999833884900889,0.5199999999999999674565876031,0.3100000000000000290045765088,0.4040000000000000084099394078,0,0.03000000000000000062450045136,0.4000000000000000326128013392,0,5
184,0.6800054285714285719569432933,0.8095823197844355147252851948,0.004575309707189016545491485928,0.0676410356750177,0.7200054285714285727896105618,0.2010379999999999833884605986,0.5149999999999999673525041946,0.3050000000000000289004931002,0.4060000000000000084515727712,0,0.04000000000000000083266726848,0.3950000000000000325087179306,0,5
184,0.6800054285714285719569432933,0.8094168320561941265480587045,0.004590855047731427495403267321,0.06775584880828686,0.7200054285714285727896105618,0.2010379999999999833884605986,0.5149999999999999673525041946,0.3050000000000000289004931002,0.4060000000000000084515727712,0,0.04000000000000000083266726848,0.3950000000000000325087179306,0,5
184,0.6800054285714285719569432933,0.8092517664905247827284271797,0.004606306273264292010116179374,0.06786977437169135,0.7200054285714285727896105618,0.2010379999999999833884605986,0.5149999999999999673525041946,0.3050000000000000289004931002,0.4060000000000000084515727712,0,0.04000000000000000083266726848,0.3950000000000000325087179306,0,5
184,0.6775775714285714290492753759,0.8090840286624203835517658399,0.004622468874564844687828437452,0.06798874079261098,0.7275775714285714300901094615,0.2010429999999999833886687654,0.5099999999999999672484207861,0.3000000000000000287964096916,0.4080000000000000084932061346,0,0.05000000000000000104083408560,0.3900000000000000324046345220,0,5
185,0.6775775714285714290492753759,0.8089167176481279548564700505,0.004638534399316902199987298074,0.06810678673463388,0.7275775714285714300901094615,0.2010429999999999833886687654,0.5099999999999999672484207861,0.3000000000000000287964096916,0.4080000000000000084932061346,0,0.05000000000000000104083408560,0.3900000000000000324046345220,0,5
185,0.6775775714285714290492753759,0.8087498318206571079367658642,0.004654503430444033365400711934,0.06822392124793204,0.7275775714285714300901094615,0.2010429999999999833886687654,0.5099999999999999672484207861,0.3000000000000000287964096916,0.4080000000000000084932061346,0,0.05000000000000000104083408560,0.3900000000000000324046345220,0,5
185,0.6751497857142857147130699807,0.8085802886149383625138931537,0.004671190226984486463488479122,0.0683461061581747,0.7351497857142857159620708834,0.2010484999999999833891145893,0.5049999999999999671443373776,0.2950000000000000286923262830,0.4100000000000000085348394980,0,0.06000000000000000124900090272,0.3850000000000000323005511134,0,5
186,0.6751497857142857147130699807,0.8084111751765344935052736060,0.004687777562465379572995438626,0.06846734668778526,0.7351497857142857159620708834,0.2010484999999999833891145893,0.5049999999999999671443373776,0.2950000000000000286923262830,0.4100000000000000085348394980,0,0.06000000000000000124900090272,0.3850000000000000323005511134,0,5
186,0.6727220714285714289481722221,0.8082394168173598567146949966,0.004705090440109378049670689127,0.06859366180711872,0.7427220714285714304053399419,0.2010544999999999833887138682,0.4999999999999999670402539691,0.2900000000000000285882428744,0.4120000000000000085764728614,0,0.07000000000000000145716771984,0.3800000000000000321964677048,0,5
187,0.6727220714285714289481722221,0.8080680927397507689425502143,0.004722300876322597814548631402,0.06871899938388654,0.7427220714285714304053399419,0.2010544999999999833887138682,0.4999999999999999670402539691,0.2900000000000000285882428744,0.4120000000000000085764728614,0,0.07000000000000000145716771984,0.3800000000000000321964677048,0,5
187,0.6727220714285714289481722221,0.8078972012987013000789209491,0.004739409480942653217447977402,0.06884336918645581,0.7427220714285714304053399419,0.2010544999999999833887138682,0.4999999999999999670402539691,0.2900000000000000285882428744,0.4120000000000000085764728614,0,0.07000000000000000145716771984,0.3800000000000000321964677048,0,5
187,0.6702943571428571431832744636,0.8077236794271302481786742323,0.004757249845561281150648568105,0.06897281961440523,0.7502943571428571448486090006,0.2010604999999999833883131471,0.4949999999999999669361705606,0.2850000000000000284841594658,0.4140000000000000086181062248,0,0.08000000000000000166533453696,0.3750000000000000320923842962,0,5
188,0.6702943571428571431832744636,0.8075505946383591233612996734,0.004774985393276470524131492922,0.06910126911480331,0.7502943571428571448486090006,0.2010604999999999833883131471,0.4949999999999999669361705606,0.2850000000000000284841594658,0.4140000000000000086181062248,0,0.08000000000000000166533453696,0.3750000000000000320923842962,0,5
188,0.6702943571428571431832744636,0.8073779452830188692981826606,0.004792616745155847905424227070,0.06922872774474371,0.7502943571428571448486090006,0.2010604999999999833883131471,0.4949999999999999669361705606,0.2850000000000000284841594658,0.4140000000000000086181062248,0,0.08000000000000000166533453696,0.3750000000000000320923842962,0,5
188,0.6702943571428571431832744636,0.8072057297200287163759277509,0.004810144518014904740044970741,0.06935520541397672,0.7502943571428571448486090006,0.2010604999999999833883131471,0.4949999999999999669361705606,0.2850000000000000284841594658,0.4140000000000000086181062248,0,0.08000000000000000166533453696,0.3750000000000000320923842962,0,5
188,0.6702943571428571431832744636,0.8070339463165441849164639450,0.004827569324450756441039408097,0.06948071188791,0.7502943571428571448486090006,0.2010604999999999833883131471,0.4949999999999999669361705606,0.2850000000000000284841594658,0.4140000000000000086181062248,0,0.08000000000000000166533453696,0.3750000000000000320923842962,0,5
188,0.6702943571428571431832744636,0.8068625934479054793503822540,0.004844891772875594493648642312,0.0696052567905298,0.7502943571428571448486090006,0.2010604999999999833883131471,0.4949999999999999669361705606,0.2850000000000000284841594658,0.4140000000000000086181062248,0,0.08000000000000000166533453696,0.3750000000000000320923842962,0,5
188,0.6702943571428571431832744636,0.8066916694975862699183833707,0.004862112467549834729420527785,0.06972884960724532,0.7502943571428571448486090006,0.2010604999999999833883131471,0.4949999999999999669361705606,0.2850000000000000284841594658,0.4140000000000000086181062248,0,0.08000000000000000166533453696,0.3750000000000000320923842962,0,5
188,0.681008642857142857072480526,0.8065345657142857156523259921,0.004875730773601819160949496258,0.06982643320120124,0.7610086428571428587378150630,0.1510604999999999806127555855,0.5699999999999999641606129990,0.4750000000000000393782228950,0.4140000000000000086181062248,-0.05000000000000000277555756156,0.08000000000000000166533453696,0.2850000000000000267494359902,0,5
188,0.681008642857142857072480526,0.8063778542001070104605908542,0.004889265990055196180399902814,0.0699232864649195,0.7610086428571428587378150630,0.1510604999999999806127555855,0.5699999999999999641606129990,0.4750000000000000393782228950,0.4140000000000000086181062248,-0.05000000000000000277555756156,0.08000000000000000166533453696,0.2850000000000000267494359902,0,5
188,0.6857237857142857145612338479,0.8062274127182044901415143491,0.004901275788223580701797984004,0.07000911217994113,0.7757237857142857164347352020,0.1510664999999999806123548644,0.5649999999999999640565295905,0.4700000000000000392741394864,0.4160000000000000086597395882,0,0.09000000000000000187350135408,0.2800000000000000266453525816,0,5
192,0.6857237857142857145612338479,0.8060773459348870321395463783,0.004913210662033730548833286545,0.07009429835609834,0.7757237857142857164347352020,0.1510664999999999806123548644,0.5649999999999999640565295905,0.4700000000000000392741394864,0.4160000000000000086597395882,0,0.09000000000000000187350135408,0.2800000000000000266453525816,0,5
192,0.6857237857142857145612338479,0.8059276524520255877146977308,0.004925071058696256165383309896,0.07017885050851329,0.7757237857142857164347352020,0.1510664999999999806123548644,0.5649999999999999640565295905,0.4700000000000000392741394864,0.4160000000000000086597395882,0,0.09000000000000000187350135408,0.2800000000000000266453525816,0,5
192,0.6832960714285714287963360891,0.8057753150842945887595196419,0.004937587945736978830929032642,0.07026797240376997,0.7832960714285714308780042603,0.1510724999999999806119541433,0.5599999999999999639524461820,0.4650000000000000391700560778,0.4180000000000000087013729516,0,0.1000000000000000020816681712,0.2750000000000000265412691730,0,5
193,0.6832960714285714287963360891,0.8056233557249202424072079998,0.004950027618860530652552077275,0.07035643267577266,0.7832960714285714308780042603,0.1510724999999999806119541433,0.5599999999999999639524461820,0.4650000000000000391700560778,0.4180000000000000087013729516,0,0.1000000000000000020816681712,0.2750000000000000265412691730,0,5
193,0.6832960714285714287963360891,0.8054717729686670220681610705,0.004962390536367288999601821233,0.07044423706994979,0.7832960714285714308780042603,0.1510724999999999806119541433,0.5599999999999999639524461820,0.4650000000000000391700560778,0.4180000000000000087013729516,0,0.1000000000000000020816681712,0.2750000000000000265412691730,0,5
193,0.6808682857142857144601306941,0.8053175607319660551032996468,0.004975416812996074825282887561,0.07053663454543373,0.7908682857142857167499656824,0.1510779999999999806123999672,0.5549999999999999638483627735,0.4600000000000000390659726692,0.4200000000000000087430063150,0,0.1100000000000000022898349883,0.2700000000000000264371857644,0,5
194,0.6808682857142857144601306941,0.8051637297368885763138766938,0.004988363587522378813756054491,0.07062834832786605,0.7908682857142857167499656824,0.1510779999999999806123999672,0.5549999999999999638483627735,0.4600000000000000390659726692,0.4200000000000000087430063150,0,0.1100000000000000022898349883,0.2700000000000000264371857644,0,5
194,0.6784404285714285715524627769,0.8050072812169312182833070470,0.0050019818648076454822890171,0.0707246906306959,0.7984404285714285740504645823,0.1510829999999999806126081340,0.5499999999999999637442793650,0.4550000000000000389618892606,0.4220000000000000087846396784,0,0.1200000000000000024980018054,0.2650000000000000263331023558,0,5
195,0.6784404285714285715524627769,0.8048512185132992791381395449,0.005015517877075117880524058756,0.07082032107435773,0.7984404285714285740504645823,0.1510829999999999806126081340,0.5499999999999999637442793650,0.4550000000000000389618892606,0.4220000000000000087846396784,0,0.1200000000000000024980018054,0.2650000000000000263331023558,0,5
195,0.6784404285714285715524627769,0.8046955402005629851632803371,0.005028972107783750976538828972,0.07091524594742481,0.7984404285714285740504645823,0.1510829999999999806126081340,0.5499999999999999637442793650,0.4550000000000000389618892606,0.4220000000000000087846396784,0,0.1200000000000000024980018054,0.2650000000000000263331023558,0,5
195,0.6760125714285714286447948591,0.8045372585661570914898258654,0.005043104485515645843141634956,0.07101481877408156,0.8060125714285714313509634816,0.1510879999999999806128163008,0.5449999999999999636401959565,0.4500000000000000388578058520,0.4240000000000000088262730418,0,0.1300000000000000027061686225,0.2600000000000000262290189472,0,5
196,0.6760125714285714286447948591,0.8043793658301158314617607168,0.005057152310355219216107990268,0.0711136576921425,0.8060125714285714313509634816,0.1510879999999999806128163008,0.5449999999999999636401959565,0.4500000000000000388578058520,0.4240000000000000088262730418,0,0.1300000000000000027061686225,0.2600000000000000262290189472,0,5
196,0.6760125714285714286447948591,0.8042218605609114825012491023,0.005071116076624501118222985744,0.07121176922829893,0.8060125714285714313509634816,0.1510879999999999806128163008,0.5449999999999999636401959565,0.4500000000000000388578058520,0.4240000000000000088262730418,0,0.1300000000000000027061686225,0.2600000000000000262290189472,0,5
196,0.6735847142857142857371269419,0.8040617660189075643679597369,0.005085764538575925007974081527,0.0713145464724829,0.8135847142857142886514623815,0.1510929999999999806130244676,0.5399999999999999635361125480,0.4450000000000000387537224434,0.4260000000000000088679064052,0,0.1400000000000000029143354396,0.2550000000000000261249355386,0,5
196,0.6735847142857142857371269419,0.8039020633852072053977873589,0.005100326162734729393617679140,0.07141656784482665,0.8135847142857142886514623815,0.1510929999999999806130244676,0.5399999999999999635361125480,0.4450000000000000387537224434,0.4260000000000000088679064052,0,0.1400000000000000029143354396,0.2550000000000000261249355386,0,5
196,0.6735847142857142857371269419,0.8037427512224938888700848400,0.005114801454197444985428472342,0.07151784011138371,0.8135847142857142886514623815,0.1510929999999999806130244676,0.5399999999999999635361125480,0.4450000000000000387537224434,0.4260000000000000088679064052,0,0.1400000000000000029143354396,0.2550000000000000261249355386,0,5
196,0.6711568571428571428294590243,0.8035808636839351138443942101,0.005129967896266057947904218502,0.0716237942046221,0.8211568571428571459519612810,0.1510979999999999806132326344,0.5349999999999999634320291395,0.4400000000000000386496390348,0.4280000000000000089095397686,0,0.1500000000000000031225022567,0.2500000000000000260208521300,0,5
196,0.6711568571428571428294590243,0.8034193709930313602212052648,0.005145045219038864617093210340,0.07172897057004836,0.8211568571428571459519612810,0.1510979999999999806132326344,0.5349999999999999634320291395,0.4400000000000000386496390348,0.4280000000000000089095397686,0,0.1500000000000000031225022567,0.2500000000000000260208521300,0,5
196,0.6711568571428571428294590243,0.8032582717069775548407037468,0.005160033938296846029866699564,0.0718333762139637,0.8211568571428571459519612810,0.1510979999999999806132326344,0.5349999999999999634320291395,0.4400000000000000386496390348,0.4280000000000000089095397686,0,0.1500000000000000031225022567,0.2500000000000000260208521300,0,5
196,0.6687289999999999999217911067,0.8030946107924921806863011766,0.005175720171174391826917167302,0.07194247821123756,0.8287290000000000032524601805,0.1511029999999999806134408012,0.5299999999999999633279457310,0.4350000000000000385455556262,0.4300000000000000089511731320,0,0.1600000000000000033306690738,0.2450000000000000259167687214,0,5
196,0.6687289999999999999217911067,0.8029313475959034903087015289,0.005191315007054194149540514125,0.07205078075256502,0.8287290000000000032524601805,0.1511029999999999806134408012,0.5299999999999999633279457310,0.4350000000000000385455556262,0.4300000000000000089511731320,0,0.1600000000000000033306690738,0.2450000000000000259167687214,0,5
196,0.6687289999999999999217911067,0.8027684806692094326747368318,0.005206818972310282954216364098,0.07215829108501866,0.8287290000000000032524601805,0.1511029999999999806134408012,0.5299999999999999633279457310,0.4350000000000000385455556262,0.4300000000000000089511731320,0,0.1600000000000000033306690738,0.2450000000000000259167687214,0,5
196,0.6663011428571428570141231894,0.8026030657142857156133300274,0.005223026724070579002570024407,0.07227051075003262,0.8363011428571428605529590803,0.1511079999999999806136489680,0.5249999999999999632238623225,0.4300000000000000384414722176,0.4320000000000000089928064954,0,0.1700000000000000035388358909,0.2400000000000000258126853128,0,5
201,0.6663011428571428570141231894,0.8024380512798339688111518109,0.005239140805318542207381595051,0.0723819093787843,0.8363011428571428605529590803,0.1511079999999999806136489680,0.5249999999999999632238623225,0.4300000000000000384414722176,0.4320000000000000089928064954,0,0.1700000000000000035388358909,0.2400000000000000258126853128,0,5
201,0.6663011428571428570141231894,0.8022734359129383326421106638,0.005255161752928617883700890920,0.07249249445927915,0.8363011428571428605529590803,0.1511079999999999806136489680,0.5249999999999999632238623225,0.4300000000000000384414722176,0.4320000000000000089928064954,0,0.1700000000000000035388358909,0.2400000000000000258126853128,0,5
201,0.6663011428571428570141231894,0.8021092181677018646763763795,0.005271090100231310938316576570,0.0726022733819769,0.8363011428571428605529590803,0.1511079999999999806136489680,0.5249999999999999632238623225,0.4300000000000000384414722176,0.4320000000000000089928064954,0,0.1700000000000000035388358909,0.2400000000000000258126853128,0,5
201,0.6663011428571428570141231894,0.8019453966052042060422843973,0.005286926377040282161954059817,0.07271125344154289,0.8363011428571428605529590803,0.1511079999999999806136489680,0.5249999999999999632238623225,0.4300000000000000384414722176,0.4320000000000000089928064954,0,0.1700000000000000035388358909,0.2400000000000000258126853128,0,5
201,0.6663011428571428570141231894,0.8017819697934595538145396248,0.005302671109679207359152805417,0.07281944183855853,0.8363011428571428605529590803,0.1511079999999999806136489680,0.5249999999999999632238623225,0.4300000000000000384414722176,0.4320000000000000089928064954,0,0.1700000000000000035388358909,0.2400000000000000258126853128,0,5
201,0.6963011428571428586298941984,0.8016550373904074278275544919,0.005309646767902609316697486801,0.07286732304608567,0.8663011428571428621687300893,0.1511079999999999806136489680,0.5749999999999999659994198841,0.4400000000000000386496390347,0.4320000000000000089928064954,-0.05000000000000000277555756156,0.1700000000000000035388358909,0.4400000000000000369149155591,0,5
201,0.7010161428571428589758773611,0.8015340771806318694515308416,0.005315409037557367298425109089,0.07290685178745114,0.8810161428571428627228800691,0.1511129999999999806138571348,0.5699999999999999658953364756,0.4350000000000000385455556261,0.4340000000000000090344398588,0,0.1800000000000000037470027080,0.4350000000000000368108321505,0,5
201,0.7010161428571428589758773611,0.8014134073915280411076224941,0.005321128367315386445368062525,0.07294606478292977,0.8810161428571428627228800691,0.1511129999999999806138571348,0.5699999999999999658953364756,0.4350000000000000385455556261,0.4340000000000000090344398588,0,0.1800000000000000037470027080,0.4350000000000000368108321505,0,5
201,0.6985882857142857160682094437,0.8012901158787255922766399844,0.005327395198912281008923015722,0.07298900738407313,0.8885882857142857200233789688,0.1511179999999999806140653016,0.5649999999999999657912530671,0.4300000000000000384414722175,0.4360000000000000090760732222,0,0.1900000000000000039551695251,0.4300000000000000367067487419,0,5
201,0.6985882857142857160682094437,0.8011671196749358439218993490,0.005333616782119244298727794480,0.07303161494941246,0.8885882857142857200233789688,0.1511179999999999806140653016,0.5649999999999999657912530671,0.4300000000000000384414722175,0.4360000000000000090760732222,0,0.1900000000000000039551695251,0.4300000000000000367067487419,0,5
201,0.6961604285714285731605415261,0.8010415135850991127367781075,0.005340394802707193512541241077,0.07307800491739763,0.8961604285714285773238778683,0.1511229999999999806142734684,0.5599999999999999656871696586,0.4250000000000000383373888089,0.4380000000000000091177065856,0,0.2000000000000000041633363422,0.4250000000000000366026653333,0,5
201,0.6961604285714285731605415261,0.8009162076292882757719319467,0.005347125242902309311741164111,0.07312404011610894,0.8961604285714285773238778683,0.1511229999999999806142734684,0.5599999999999999656871696586,0.4250000000000000383373888089,0.4380000000000000091177065856,0,0.2000000000000000041633363422,0.4250000000000000366026653333,0,5
201,0.6961604285714285731605415261,0.8007912007330378465325388794,0.005353808385193755947522689942,0.07316972314553169,0.8961604285714285773238778683,0.1511229999999999806142734684,0.5599999999999999656871696586,0.4250000000000000383373888089,0.4380000000000000091177065856,0,0.2000000000000000041633363422,0.4250000000000000366026653333,0,5
201,0.6937326428571428588243361311,0.8006635981610761123397996627,0.005361055609051941901341741167,0.07321922977641832,0.9037326428571428631958392904,0.1511284999999999806147192923,0.5549999999999999655830862501,0.4200000000000000382333054003,0.4400000000000000091593399490,0,0.2100000000000000043715031593,0.4200000000000000364985819247,0,5
201,0.6937326428571428588243361311,0.8005362994047619060856145870,0.005368253186960144076441773944,0.07326836416189558,0.9037326428571428631958392904,0.1511284999999999806147192923,0.5549999999999999655830862501,0.4200000000000000382333054003,0.4400000000000000091593399490,0,0.2100000000000000043715031593,0.4200000000000000364985819247,0,5
201,0.6937326428571428588243361311,0.8004093033803295409878009384,0.005375401411351843329493667559,0.07331712904466352,0.9037326428571428631958392904,0.1511284999999999806147192923,0.5549999999999999655830862501,0.4200000000000000382333054003,0.4400000000000000091593399490,0,0.2100000000000000043715031593,0.4200000000000000364985819247,0,5
201,0.6913049285714285730594383727,0.8002797257380386847313539520,0.005383121251026608141718672219,0.07336975705988542,0.9113049285714285776391083491,0.1511344999999999806143185712,0.5499999999999999654790028416,0.4150000000000000381292219917,0.4420000000000000092009733124,0,0.2200000000000000045796699764,0.4150000000000000363944985161,0,5
201,0.6913049285714285730594383727,0.8001504555160142362003077888,0.005390789373784399263265264021,0.07342199516346855,0.9113049285714285776391083491,0.1511344999999999806143185712,0.5499999999999999654790028416,0.4150000000000000381292219917,0.4420000000000000092009733124,0,0.2200000000000000045796699764,0.4150000000000000363944985161,0,5
201,0.6913049285714285730594383727,0.8000214916215301299643588915,0.005398406081968809580652170011,0.07347384624455705,0.9113049285714285776391083491,0.1511344999999999806143185712,0.5499999999999999654790028416,0.4150000000000000381292219917,0.4420000000000000092009733124,0,0.2200000000000000045796699764,0.4150000000000000363944985161,0,5
201,0.6888772857142857158660031363,0.7998899600169061720778519615,0.005406601830813603519839485357,0.07352959833164875,0.9188772857142857206538399298,0.1511409999999999806141555072,0.5449999999999999653749194331,0.4100000000000000380251385831,0.4440000000000000092426066758,0,0.2300000000000000047878367935,0.4100000000000000362904151075,0,5
201,0.6888772857142857158660031363,0.7997587393617021289854029676,0.005414743786998178639301380344,0.07358494266491059,0.9188772857142857206538399298,0.1511409999999999806141555072,0.5449999999999999653749194331,0.4100000000000000380251385831,0.4440000000000000092426066758,0,0.2300000000000000047878367935,0.4100000000000000362904151075,0,5
201,0.6864497142857142872440304229,0.7996249624725923440482821027,0.005423473294690224998504190935,0.073644234633067,0.9264497142857142922400340335,0.1511479999999999806142301003,0.5399999999999999652708360246,0.4050000000000000379210551745,0.4460000000000000092842400392,0,0.2400000000000000049960036106,0.4050000000000000361863316989,0,5
201,0.6864497142857142872440304229,0.7994915010950134784152582210,0.005432146611046768422576317154,0.07370309770319541,0.9264497142857142922400340335,0.1511479999999999806142301003,0.5399999999999999652708360246,0.4050000000000000379210551745,0.4460000000000000092842400392,0,0.2400000000000000049960036106,0.4050000000000000361863316989,0,5
201,0.6864497142857142872440304229,0.7993583541140837973891437006,0.005440764060206775137797498066,0.07376153509931023,0.9264497142857142922400340335,0.1511479999999999806142301003,0.5399999999999999652708360246,0.4050000000000000379210551745,0.4460000000000000092842400392,0,0.2400000000000000049960036106,0.4050000000000000361863316989,0,5
201,0.684022142857142858622057709,0.7992226644537815139317706582,0.005449976290931399648502223811,0.07382395472291768,0.9340221428571428638262281367,0.1511549999999999806143046934,0.5349999999999999651667526161,0.4000000000000000378169717659,0.4480000000000000093258734026,0,0.2500000000000000052041704277,0.4000000000000000360822482903,0,5
201,0.684022142857142858622057709,0.7990872936880980372510306900,0.005459130242335417351894025722,0.07388592722796011,0.9340221428571428638262281367,0.1511549999999999806143046934,0.5349999999999999651667526161,0.4000000000000000378169717659,0.4480000000000000093258734026,0,0.2500000000000000052041704277,0.4000000000000000360822482903,0,5
201,0.6815945714285714300000849953,0.7989493914319248839561352138,0.005468887312212980815061746781,0.0739519256829258,0.9415945714285714354124222401,0.1511619999999999806143792865,0.5299999999999999650626692076,0.3950000000000000377128883573,0.4300000000000000089511731318,-0.02000000000000000041633363423,0.2600000000000000054123372448,0.3950000000000000359781648817,0,5
201,0.682308857142857143185488962,0.7988126498911405138028284774,0.005478388187256969073068533563,0.07401613464142105,0.9423088571428571485978262068,0.1511619999999999806143792865,0.6049999999999999622871116460,0.3850000000000000375047215402,0.3300000000000000034000580087,0.08000000000000000513478148890,0.2600000000000000054123372448,0.2950000000000000304270497586,0,5
201,0.682308857142857143185488962,0.7986762285881565754297402578,0.005487829612256771556208270515,0.07407988669171121,0.9423088571428571485978262068,0.1511619999999999806143792865,0.6049999999999999622871116460,0.3850000000000000375047215402,0.3300000000000000034000580087,0.08000000000000000513478148890,0.2600000000000000054123372448,0.2950000000000000304270497586,0,5
201,0.687024142857142857569349689,0.7985456413533834599702544209,0.005495957349115941408122175836,0.07413472431402131,0.9570241428571428631898537509,0.1511689999999999806144538796,0.5999999999999999621830282375,0.3800000000000000374006381316,0.3120000000000000030253577379,0.05000000000000000451028103755,0.2700000000000000056205040619,0.2900000000000000303229663500,0,5
201,0.687024142857142857569349689,0.7984153592289719639394122425,0.005504032168900613963420825294,0.0741891647675091,0.9570241428571428631898537509,0.1511689999999999806144538796,0.5999999999999999621830282375,0.3800000000000000374006381316,0.3120000000000000030253577379,0.05000000000000000451028103755,0.2700000000000000056205040619,0.2900000000000000303229663500,0,5
201,0.687024142857142857569349689,0.7982853811468578109564833481,0.005512054375408035339012941394,0.07424321097183254,0.9570241428571428631898537509,0.1511689999999999806144538796,0.5999999999999999621830282375,0.3800000000000000374006381316,0.3120000000000000030253577379,0.05000000000000000451028103755,0.2700000000000000056205040619,0.2900000000000000303229663500,0,5
201,0.6917394285714285719532104161,0.7981612017149517162723303493,0.005518830062381932155623124604,0.07428882865129811,0.9717394285714285777818812951,0.1511759999999999806145284727,0.5949999999999999620789448290,0.3750000000000000372965547230,0.2940000000000000026506574671,0.02000000000000000388578058620,0.2800000000000000058286708790,0.2850000000000000302188829414,0,5
201,0.6917394285714285719532104161,0.7980373114086146695385479047,0.005525559293852579665019621480,0.07433410585897014,0.9717394285714285777818812951,0.1511759999999999806145284727,0.5949999999999999620789448290,0.3750000000000000372965547230,0.2940000000000000026506574671,0.02000000000000000388578058620,0.2800000000000000058286708790,0.2850000000000000302188829414,0,5
201,0.6917394285714285719532104161,0.7979137092192691043087975122,0.005532242338709828298635923877,0.0743790450241856,0.9717394285714285777818812951,0.1511759999999999806145284727,0.5949999999999999620789448290,0.3750000000000000372965547230,0.2940000000000000026506574671,0.02000000000000000388578058620,0.2800000000000000058286708790,0.2850000000000000302188829414,0,5
201,0.690740357142857143360941868,0.7977892337813174063286025580,0.005539126449802565180345216079,0.07442530785829889,0.9807403571428571493977795641,0.1511824999999999806143654087,0.5899999999999999619748614205,0.3700000000000000371924713144,0.2960000000000000026922908305,0.01000000000000000367761376908,0.2900000000000000060368376961,0.2800000000000000301147995328,0,5
201,0.690740357142857143360941868,0.7976650471494862459307282416,0.005545963761732044489271206742,0.07447122774422377,0.9807403571428571493977795641,0.1511824999999999806143654087,0.5899999999999999619748614205,0.3700000000000000371924713144,0.2960000000000000026922908305,0.01000000000000000367761376908,0.2900000000000000060368376961,0.2800000000000000301147995328,0,5
201,0.690740357142857143360941868,0.7975411483198146015476809805,0.005552754544158802345073557914,0.0745168071253647,0.9807403571428571493977795641,0.1511824999999999806143654087,0.5899999999999999619748614205,0.3700000000000000371924713144,0.2960000000000000026922908305,0.01000000000000000367761376908,0.2900000000000000060368376961,0.2800000000000000301147995328,0,5
201,0.6897412142857142861972107977,0.7974163798776455039604697882,0.005559746658442472491008660569,0.07456370872242389,0.9897412142857142924422153109,0.1511884999999999806139646876,0.5849999999999999618707780120,0.3650000000000000370883879058,0.2980000000000000027339241939,3.46944695196E-18,0.3000000000000000062450045132,0.2750000000000000300107161242,0,5
201,0.6897412142857142861972107977,0.7972918999174236181595874079,0.005566691633380516763442117236,0.07461026493305406,0.9897412142857142924422153109,0.1511884999999999806139646876,0.5849999999999999618707780120,0.3650000000000000370883879058,0.2980000000000000027339241939,3.46944695196E-18,0.3000000000000000062450045132,0.2750000000000000300107161242,0,5
201,0.6897412142857142861972107977,0.7971677074397888498778756566,0.005573589739382828440501857247,0.07465647821443781,0.9897412142857142924422153109,0.1511884999999999806139646876,0.5849999999999999618707780120,0.3650000000000000370883879058,0.2980000000000000027339241939,3.46944695196E-18,0.3000000000000000062450045132,0.2750000000000000300107161242,0,5
201,0.6858848571428571442511092723,0.7970393535178777406441654301,0.005581411806655033329156433649,0.07470884691022231,0.9758848571428571502879469684,0.1511939999999999806144105115,0.5799999999999999617666946035,0.3600000000000000369843044972,0.3000000000000000027755575573,-0.00999999999999999673871986516,0.2900000000000000060368376961,0.2700000000000000299066327156,0,5
201,0.6858848571428571442511092723,0.7969112953423304818925605267,0.005589183071830847198994263703,0.07476083915948809,0.9758848571428571502879469684,0.1511939999999999806144105115,0.5799999999999999617666946035,0.3600000000000000369843044972,0.3000000000000000027755575573,-0.00999999999999999673871986516,0.2900000000000000060368376961,0.2700000000000000299066327156,0,5
201,0.6858848571428571442511092723,0.7967835318921584757502803757,0.005596903823256992742770838198,0.07481245767422022,0.9758848571428571502879469684,0.1511939999999999806144105115,0.5799999999999999617666946035,0.3600000000000000369843044972,0.3000000000000000027755575573,-0.00999999999999999673871986516,0.2900000000000000060368376961,0.2700000000000000299066327156,0,5
201,0.684885571428571429448972764,0.7966549135467980308694742751,0.005604829664652721696985249841,0.07486541033516561,0.9848855714285714356939772772,0.1511989999999999806146186783,0.5749999999999999616626111950,0.3550000000000000368802210886,0.3020000000000000028171909207,0,0.3000000000000000062450045132,0.2650000000000000298025493070,0,5
201,0.684885571428571429448972764,0.7965265905363293436118158348,0.005612704391957849189522029615,0.07491798443603412,0.9848855714285714356939772772,0.1511989999999999806146186783,0.5749999999999999616626111950,0.3550000000000000368802210886,0.3020000000000000028171909207,0,0.3000000000000000062450045132,0.2650000000000000298025493070,0,5
201,0.684885571428571429448972764,0.7963985618446920065542896386,0.005620528294067468398800370400,0.07497018269997392,0.9848855714285714356939772772,0.1511989999999999806146186783,0.5749999999999999616626111950,0.3550000000000000368802210886,0.3020000000000000028171909207,0,0.3000000000000000062450045132,0.2650000000000000298025493070,0,5
201,0.682457642857142857969842324,0.7962680453280968757998973737,0.005628927239561778900528325478,0.07502617702883294,0.9924576428571428644230136543,0.1512034999999999806145891880,0.5699999999999999615585277865,0.3500000000000000367761376800,0.3040000000000000028588242841,0,0.3100000000000000064531713303,0.2600000000000000296984658984,0,5
201,0.682457642857142857969842324,0.7961378274762994455735471962,0.005637273071524574949830418307,0.07508177589485064,0.9924576428571428644230136543,0.1512034999999999806145891880,0.5699999999999999615585277865,0.3500000000000000367761376800,0.3040000000000000028588242841,0,0.3100000000000000064531713303,0.2600000000000000296984658984,0,5
201,0.682457642857142857969842324,0.7960079072653061237591429621,0.005645566088068162623416385558,0.07513698215970722,0.9924576428571428644230136543,0.1512034999999999806145891880,0.5699999999999999615585277865,0.3500000000000000367761376800,0.3040000000000000028588242841,0,0.3100000000000000064531713303,0.2600000000000000296984658984,0,5
201,0.682457642857142857969842324,0.7958782836757990880676026645,0.005653806585414791008304664232,0.07519179865793071,0.9924576428571428644230136543,0.1512034999999999806145891880,0.5699999999999999615585277865,0.3500000000000000367761376800,0.3040000000000000028588242841,0,0.3100000000000000064531713303,0.2600000000000000296984658984,0,5
201,0.682457642857142857969842324,0.7957489556931096282841388556,0.005661994857910437642381237082,0.07524622819723549,0.9924576428571428644230136543,0.1512034999999999806145891880,0.5699999999999999615585277865,0.3500000000000000367761376800,0.3040000000000000028588242841,0,0.3100000000000000064531713303,0.2600000000000000296984658984,0,5
201,0.682457642857142857969842324,0.7956199223071916706869699530,0.005670131198038479216614484674,0.07530027355885555,0.9924576428571428644230136543,0.1512034999999999806145891880,0.5699999999999999615585277865,0.3500000000000000367761376800,0.3040000000000000028588242841,0,0.3100000000000000064531713303,0.2600000000000000296984658984,0,5
201,0.7124576428571428595856133331,0.7955253122054282476936805825,0.005671530636596974771311280078,0.0753095653725141,1.022457642857142866038784663,0.1512034999999999806145891880,0.6199999999999999643340853481,0.3600000000000000369843044971,0.3040000000000000028588242841,-0.05000000000000000277555756156,0.3100000000000000064531713303,0.4600000000000000408006961447,0,5
201,0.7124576428571428595856133331,0.7954309171266233779344668697,0.005672909083876976433895997549,0.07531871669032192,1.022457642857142866038784663,0.1512034999999999806145891880,0.6199999999999999643340853481,0.3600000000000000369843044971,0.3040000000000000028588242841,-0.05000000000000000277555756156,0.3100000000000000064531713303,0.4600000000000000408006961447,0,5
201,0.7171725714285714313601339734,0.7953420881303713325921577518,0.005673405751592658610144507547,0.0753220137250237,1.037172571428571438021472121,0.1512079999999999806145596977,0.6149999999999999642300019396,0.3550000000000000368802210885,0.3060000000000000029004576475,0,0.3200000000000000066613381474,0.4550000000000000406966127361,0,5
201,0.7171725714285714313601339734,0.7952534605604146433617359561,0.005673885592291101391108951118,0.07532519891969156,1.037172571428571438021472121,0.1512079999999999806145596977,0.6149999999999999642300019396,0.3550000000000000368802210885,0.3060000000000000029004576475,0,0.3200000000000000066613381474,0.4550000000000000406966127361,0,5
201,0.7171725714285714313601339734,0.7951650337324057609019379924,0.005674348716395205487941766071,0.07532827302145725,1.037172571428571438021472121,0.1512079999999999806145596977,0.6149999999999999642300019396,0.3550000000000000368802210885,0.3060000000000000029004576475,0,0.3200000000000000066613381474,0.4550000000000000406966127361,0,5
201,0.7147446428571428598810035334,0.7950740604395604408781586548,0.005675229334735403693049652917,0.07533411799931956,1.044744642857142866750508498,0.1512124999999999806145302074,0.6099999999999999641259185311,0.3500000000000000367761376799,0.3080000000000000029420910109,0,0.3300000000000000068695049645,0.4500000000000000405925293275,0,5
201,0.7147446428571428598810035334,0.7949832927360774831595178015,0.005676091494735018214565879234,0.07533984002329058,1.044744642857142866750508498,0.1512124999999999806145302074,0.6099999999999999641259185311,0.3500000000000000367761376799,0.3080000000000000029420910109,0,0.3300000000000000068695049645,0.4500000000000000405925293275,0,5
201,0.7147446428571428598810035334,0.7948927299258303786185713971,0.005676935314561242703556102185,0.07534543990555263,1.044744642857142866750508498,0.1512124999999999806145302074,0.6099999999999999641259185311,0.3500000000000000367761376799,0.3080000000000000029420910109,0,0.3300000000000000068695049645,0.4500000000000000405925293275,0,5
201,0.7123167857142857169733356161,0.7947996341600901929797379858,0.005678205308894018698098939835,0.0753538672457759,1.052316785714285724051007398,0.1512174999999999806147383742,0.6049999999999999640218351226,0.3450000000000000366720542713,0.3100000000000000029837243743,0,0.3400000000000000070776717816,0.4450000000000000404884459189,0,5
201,0.7123167857142857169733356161,0.7947067480694980708220731182,0.005679455196943567448210576039,0.07536216024599857,1.052316785714285724051007398,0.1512174999999999806147383742,0.6049999999999999640218351226,0.3450000000000000366720542713,0.3100000000000000029837243743,0,0.3400000000000000070776717816,0.4450000000000000404884459189,0,5
201,0.709889000000000002637130221,0.7946113400289249571345759946,0.005681140708420545189730778893,0.07537334216034569,1.059889000000000009922968820,0.1512229999999999806151841981,0.5999999999999999639177517141,0.3400000000000000365679708627,0.3120000000000000030253577377,0,0.3500000000000000072858385987,0.4400000000000000403843625103,0,5
201,0.709889000000000002637130221,0.7945161463884430189834552690,0.005682804318754736671388305715,0.07538437715305962,1.059889000000000009922968820,0.1512229999999999806151841981,0.5999999999999999639177517141,0.3400000000000000365679708627,0.3120000000000000030253577377,0,0.3500000000000000072858385987,0.4400000000000000403843625103,0,5
201,0.709889000000000002637130221,0.7944211664261664274948510882,0.005684446162572858289176889653,0.0753952661814577,1.059889000000000009922968820,0.1512229999999999806151841981,0.5999999999999999639177517141,0.3400000000000000365679708627,0.3120000000000000030253577377,0,0.3500000000000000072858385987,0.4400000000000000403843625103,0,5
201,0.7074612142857142883009248261,0.7943236776905829609710910812,0.005686532083409393368856356702,0.07540909814743439,1.067461214285714295794930242,0.1512284999999999806156300220,0.5949999999999999638136683056,0.3350000000000000364638874541,0.3140000000000000030669911011,0,0.3600000000000000074940054158,0.4350000000000000402802791017,0,5
201,0.7074612142857142883009248261,0.7942264072948328280789632354,0.005688594420066168508115781282,0.07542277123035303,1.067461214285714295794930242,0.1512284999999999806156300220,0.5949999999999999638136683056,0.3350000000000000364638874541,0.3140000000000000030669911011,0,0.3600000000000000074940054158,0.4350000000000000402802791017,0,5
201,0.7074612142857142883009248261,0.7941293545062320243431936174,0.005690633315042921478563321647,0.0754362864611118,1.067461214285714295794930242,0.1512284999999999806156300220,0.5949999999999999638136683056,0.3350000000000000364638874541,0.3140000000000000030669911011,0,0.3600000000000000074940054158,0.4350000000000000402802791017,0,5
201,0.705033428571428573964719431,0.7940298059856344785885807971,0.005693124624403601766138813969,0.07545279732656439,1.075033428571428581666891664,0.1512339999999999806160758459,0.5899999999999999637095848971,0.3300000000000000363598040455,0.3160000000000000031086244645,0,0.3700000000000000077021722329,0.4300000000000000401761956931,0,5
201,0.705033428571428573964719431,0.7939304796715561237843130946,0.005695590652383395390078012217,0.07546913708519129,1.075033428571428581666891664,0.1512339999999999806160758459,0.5899999999999999637095848971,0.3300000000000000363598040455,0.3160000000000000031086244645,0,0.3700000000000000077021722329,0.4300000000000000401761956931,0,5
201,0.705033428571428573964719431,0.7938313748208313439071452087,0.005698031549379748152694867984,0.07548530684431076,1.075033428571428581666891664,0.1512339999999999806160758459,0.5899999999999999637095848971,0.3300000000000000363598040455,0.3160000000000000031086244645,0,0.3700000000000000077021722329,0.4300000000000000401761956931,0,5
201,0.702605642857142859628514036,0.7937297871460388177553872675,0.005700933084037881539899220256,0.07550452359983395,1.082605642857142867538853086,0.1512394999999999806165216698,0.5849999999999999636055014886,0.3250000000000000362557206369,0.3180000000000000031502578279,0,0.3800000000000000079103390500,0.4250000000000000400721122845,0,5
201,0.702605642857142859628514036,0.7936284254727474985583607121,0.005703807626719805607234114745,0.07552355676687775,1.082605642857142867538853086,0.1512394999999999806165216698,0.5849999999999999636055014886,0.3250000000000000362557206369,0.3180000000000000031502578279,0,0.3800000000000000079103390500,0.4250000000000000400721122845,0,5
201,0.702605642857142859628514036,0.7935272890476190489595497713,0.005706655335741212638061467946,0.07554240753206912,1.082605642857142867538853086,0.1512394999999999806165216698,0.5849999999999999636055014886,0.3250000000000000362557206369,0.3180000000000000031502578279,0,0.3800000000000000079103390500,0.4250000000000000400721122845,0,5
201,0.700177857142857145292308641,0.7934236825749167604982098810,0.005709971793704325760244295532,0.0755643553119083,1.090177857142857153410814508,0.1512449999999999806169674937,0.5799999999999999635014180801,0.3200000000000000361516372283,0.3200000000000000031918911913,0,0.3900000000000000081185058671,0.4200000000000000399680288759,0,5
201,0.700177857142857145292308641,0.7933203058283180247829040038,0.005713259536446475857093060955,0.07558610676868122,1.090177857142857153410814508,0.1512449999999999806169674937,0.5799999999999999635014180801,0.3200000000000000361516372283,0.3200000000000000031918911913,0,0.3900000000000000081185058671,0.4200000000000000399680288759,0,5
201,0.700177857142857145292308641,0.7932171580446131954589941528,0.005716518730218171348026192206,0.07560766317125646,1.090177857142857153410814508,0.1512449999999999806169674937,0.5799999999999999635014180801,0.3200000000000000361516372283,0.3200000000000000031918911913,0,0.3900000000000000081185058671,0.4200000000000000399680288759,0,5
201,0.6977500714285714309561032459,0.7931115528603034147460484770,0.005720254674256485941584732752,0.07563236525626106,1.097750071428571439282775930,0.1512504999999999806174133176,0.5749999999999999633973346716,0.3150000000000000360475538197,0.3220000000000000032335245547,0,0.4000000000000000083266726842,0.4150000000000000398639454673,0,5
201,0.6977500714285714309561032459,0.7930061810576164180788772667,0.005723960167900026440118052067,0.07565685803613593,1.097750071428571439282775930,0.1512504999999999806174133176,0.5749999999999999633973346716,0.3150000000000000360475538197,0.3220000000000000032335245547,0,0.4000000000000000083266726842,0.4150000000000000398639454673,0,5
201,0.6977500714285714309561032459,0.7929010418637653750467329245,0.005727635385346890817144513525,0.07568114286496268,1.097750071428571439282775930,0.1512504999999999806174133176,0.5749999999999999633973346716,0.3150000000000000360475538197,0.3220000000000000032335245547,0,0.4000000000000000083266726842,0.4150000000000000398639454673,0,5
201,0.695322285714285716619897851,0.7927934577886281317629106147,0.005731795246427595533632917367,0.07570862068765746,1.105322285714285725154737352,0.1512559999999999806178591415,0.5699999999999999632932512631,0.3100000000000000359434704111,0.3240000000000000032751579181,0,0.4100000000000000085348395013,0.4100000000000000397598620587,0,5
201,0.695322285714285716619897851,0.7926861106828193846096694112,0.005735922910707414547488518306,0.075735875981647,1.105322285714285725154737352,0.1512559999999999806178591415,0.5699999999999999632932512631,0.3100000000000000359434704111,0.3240000000000000032751579181,0,0.4100000000000000085348395013,0.4100000000000000397598620587,0,5
201,0.695322285714285716619897851,0.7925789997642621418506047561,0.005740018560341178537857956827,0.075762910189229,1.105322285714285725154737352,0.1512559999999999806178591415,0.5699999999999999632932512631,0.3100000000000000359434704111,0.3240000000000000032751579181,0,0.4100000000000000085348395013,0.4100000000000000397598620587,0,5
201,0.6928945000000000022836924557,0.7924694563579277878510806767,0.005744606640971224740702302516,0.07579318334105796,1.112894500000000011026698774,0.1512614999999999806183049654,0.5649999999999999631891678546,0.3050000000000000358393870025,0.3260000000000000033167912815,0,0.4200000000000000087430063184,0.4050000000000000396557786501,0,5
203,0.6928945000000000022836924557,0.7923601534420573951117092297,0.005749160767835861665989838023,0.07582322050556717,1.112894500000000011026698774,0.1512614999999999806183049654,0.5649999999999999631891678546,0.3050000000000000358393870025,0.3260000000000000033167912815,0,0.4200000000000000087430063184,0.4050000000000000396557786501,0,5
203,0.6928945000000000022836924557,0.7922510902255639111283451763,0.005753681131052325218626505026,0.07585302321629854,1.112894500000000011026698774,0.1512614999999999806183049654,0.5649999999999999631891678546,0.3050000000000000358393870025,0.3260000000000000033167912815,0,0.4200000000000000087430063184,0.4050000000000000396557786501,0,5
203,0.6928945000000000022836924557,0.7921422659208261631449446805,0.005758167919561879191756093011,0.07588259299445348,1.112894500000000011026698774,0.1512614999999999806183049654,0.5649999999999999631891678546,0.3050000000000000358393870025,0.3260000000000000033167912815,0,0.4200000000000000087430063184,0.4050000000000000396557786501,0,5
203,0.6928945000000000022836924557,0.7920336797436698981987069867,0.005762621321138121870330872891,0.07591193134901866,1.112894500000000011026698774,0.1512614999999999806183049654,0.5649999999999999631891678546,0.3050000000000000358393870025,0.3260000000000000033167912815,0,0.4200000000000000087430063184,0.4050000000000000396557786501,0,5
203,0.6928945000000000022836924557,0.7919253309133489474927889380,0.005767041522395225900069930944,0.07594103977689023,1.112894500000000011026698774,0.1512614999999999806183049654,0.5649999999999999631891678546,0.3050000000000000358393870025,0.3260000000000000033167912815,0,0.4200000000000000087430063184,0.4050000000000000396557786501,0,5
203,0.7086087857142857173921613044,0.7918343739862757343594913096,0.005768307305169050765089997179,0.07594937330333312,1.128608785714285726135167623,0.1012614999999999778427474038,0.5649999999999999631891678546,0.5050000000000000469416172488,0.3260000000000000033167912815,-0.05000000000000000277555756156,0.4200000000000000087430063184,0.4150000000000000398639454672,0,5
203,0.7086087857142857173921613044,0.7917436154385418303060918221,0.005769553861993600390998465588,0.07595757935843928,1.128608785714285726135167623,0.1012614999999999778427474038,0.5649999999999999631891678546,0.5050000000000000469416172488,0.3260000000000000033167912815,-0.05000000000000000277555756156,0.4200000000000000087430063184,0.4150000000000000398639454672,0,5
203,0.7133238571428571463096069897,0.7916581908652349842450934727,0.005769953332557582157172918895,0.07596020887647416,1.143323857142857155260780125,0.1012669999999999778431932277,0.5599999999999999630850844461,0.5000000000000000468375338402,0.3280000000000000033584246449,0,0.4300000000000000089511731355,0.4100000000000000397598620586,0,5
205,0.7133238571428571463096069897,0.7915729521995958353463606256,0.005770337410408116373694432657,0.0759627369860257,1.143323857142857155260780125,0.1012669999999999778431932277,0.5599999999999999630850844461,0.5000000000000000468375338402,0.3280000000000000033584246449,0,0.4300000000000000089511731355,0.4100000000000000397598620586,0,5
205,0.7108960714285714319734015947,0.7914852599378882001253030614,0.005771124671162662110048781720,0.07596791869705699,1.150896071428571441132741547,0.1012724999999999778436390516,0.5549999999999999629810010376,0.4950000000000000467334504316,0.3300000000000000034000580083,0,0.4400000000000000091593399526,0.4050000000000000396557786500,0,5
208,0.7108960714285714319734015947,0.7913977581045447508656375875,0.005771894917510668535749729,0.07597298807807068,1.150896071428571441132741547,0.1012724999999999778436390516,0.5549999999999999629810010376,0.4950000000000000467334504316,0.3300000000000000034000580083,0,0.4400000000000000091593399526,0.4050000000000000396557786500,0,5
208,0.7108960714285714319734015947,0.7913104460799504197171644465,0.005772648254531342803603179739,0.07597794584306253,1.150896071428571441132741547,0.1012724999999999778436390516,0.5549999999999999629810010376,0.4950000000000000467334504316,0.3300000000000000034000580083,0,0.4400000000000000091593399526,0.4050000000000000396557786500,0,5
208,0.7084682857142857176371961996,0.7912206929267915197149109598,0.005773813273648280007815908375,0.07598561228053821,1.158468285714285727004702969,0.1012779999999999778440848755,0.5499999999999999628769176291,0.4900000000000000466293670230,0.3320000000000000034416913717,0,0.4500000000000000093675067697,0.4000000000000000395516952414,0,5
208,0.7084682857142857176371961996,0.7911311340445269030459956841,0.005774959738172544269641469145,0.07599315586401544,1.158468285714285727004702969,0.1012779999999999778440848755,0.5499999999999999628769176291,0.4900000000000000466293670230,0.3320000000000000034416913717,0,0.4500000000000000093675067697,0.4000000000000000395516952414,0,5
208,0.7084682857142857176371961996,0.7910417688030888044671753603,0.005776087760195511085965415237,0.0760005773675142,1.158468285714285727004702969,0.1012779999999999778440848755,0.5499999999999999628769176291,0.4900000000000000466293670230,0.3320000000000000034416913717,0,0.4500000000000000093675067697,0.4000000000000000395516952414,0,5
208,0.7060404285714285747295282821,0.7909499746991669251694025233,0.005777635863071777841489852510,0.07601076149514474,1.166040428571428584305201869,0.1012829999999999778442930423,0.5449999999999999627728342206,0.4850000000000000465252836144,0.3340000000000000034833247351,0,0.4600000000000000095756735868,0.3950000000000000394476118328,0,5
208,0.7060404285714285747295282821,0.7908583786407767004116464562,0.005779163855294965170375201529,0.07602081198786925,1.166040428571428584305201869,0.1012829999999999778442930423,0.5449999999999999627728342206,0.4850000000000000465252836144,0.3340000000000000034833247351,0,0.4600000000000000095756735868,0.3950000000000000394476118328,0,5
208,0.7060404285714285747295282821,0.7907669799876847304486269323,0.005780671856005737296254609171,0.07603072968218665,1.166040428571428584305201869,0.1012829999999999778442930423,0.5449999999999999627728342206,0.4850000000000000465252836144,0.3340000000000000034833247351,0,0.4600000000000000095756735868,0.3950000000000000394476118328,0,5
208,0.7036125000000000032503978423,0.7906731646163309255754318525,0.005782608225723101685669365862,0.07604346274153422,1.173612500000000013034238246,0.1012874999999999778442635520,0.5399999999999999626687508121,0.4800000000000000464212002058,0.3360000000000000035249580985,0,0.4700000000000000097838404039,0.3900000000000000393435284242,0,5
209,0.7036125000000000032503978423,0.79057955099846390307830816,0.005784522913608742889013794388,0.07605605113078605,1.173612500000000013034238246,0.1012874999999999778442635520,0.5399999999999999626687508121,0.4800000000000000464212002058,0.3360000000000000035249580985,0,0.4700000000000000097838404039,0.3900000000000000393435284242,0,5
209,0.7036125000000000032503978423,0.7904861384839650159678592767,0.005786416045885685857847492155,0.07606849575143237,1.173612500000000013034238246,0.1012874999999999778442635520,0.5399999999999999626687508121,0.4800000000000000464212002058,0.3360000000000000035249580985,0,0.4700000000000000097838404039,0.3900000000000000393435284242,0,5
209,0.7011845000000000031998823229,0.7903903212752912337653185289,0.005788745726683447140778090687,0.07608380725675765,1.181184500000000013191889544,0.1012914999999999778445385057,0.5349999999999999625646674036,0.4750000000000000463171167972,0.3380000000000000035665914619,0,0.4800000000000000099920072210,0.3850000000000000392394450156,0,5
210,0.7011845000000000031998823229,0.7902947094625631617068346744,0.005791052140085138923772405681,0.0760989628055806,1.181184500000000013191889544,0.1012914999999999778445385057,0.5349999999999999625646674036,0.4750000000000000463171167972,0.3380000000000000035665914619,0,0.4800000000000000099920072210,0.3850000000000000392394450156,0,5
210,0.6987564285714285745779042811,0.7901967027378403195364610873,0.005793804036872658632782660037,0.07611704169811553,1.188756428571428584778078319,0.1012949999999999778445758023,0.5299999999999999624605839951,0.4700000000000000462130333886,0.3400000000000000036082248253,0,0.4900000000000000102001740381,0.3800000000000000391353616070,0,5
211,0.6987564285714285745779042811,0.7900989056531703604509439142,0.005796530928939563300981583198,0.07613495208469999,1.188756428571428584778078319,0.1012949999999999778445758023,0.5299999999999999624605839951,0.4700000000000000462130333886,0.3400000000000000036082248253,0,0.4900000000000000102001740381,0.3800000000000000391353616070,0,5
211,0.6987564285714285745779042811,0.7900013175366300380301393847,0.005799232957607653451078701630,0.07615269501211137,1.188756428571428584778078319,0.1012949999999999778445758023,0.5299999999999999624605839951,0.4700000000000000462130333886,0.3400000000000000036082248253,0,0.4900000000000000102001740381,0.3800000000000000391353616070,0,5
211,0.6987564285714285745779042811,0.7899039377191645081865404145,0.005801910263334685417190953854,0.07617027151937089,1.188756428571428584778078319,0.1012949999999999778445758023,0.5299999999999999624605839951,0.4700000000000000462130333886,0.3400000000000000036082248253,0,0.4900000000000000102001740381,0.3800000000000000391353616070,0,5
211,0.6987564285714285745779042811,0.7898067655345720391741644698,0.005804562985720364824062853180,0.07618768263781465,1.188756428571428584778078319,0.1012949999999999778445758023,0.5299999999999999624605839951,0.4700000000000000462130333886,0.3400000000000000036082248253,0,0.4900000000000000102001740381,0.3800000000000000391353616070,0,5
211,0.6987564285714285745779042811,0.7897098003194888192970651512,0.005807191263512292916365426701,0.07620492939116402,1.188756428571428584778078319,0.1012949999999999778445758023,0.5299999999999999624605839951,0.4700000000000000462130333886,0.3400000000000000036082248253,0,0.4900000000000000102001740381,0.3800000000000000391353616070,0,5
211,0.6963283571428571459559262393,0.7896104583586626153892554289,0.005810270368984339175218906516,0.07622512951110243,1.196328357142857156364267094,0.1012984999999999778446130989,0.5249999999999999623565005866,0.4650000000000000461089499800,0.3420000000000000036498581887,0,0.5000000000000000104083408552,0.3750000000000000390312781984,0,5
212,0.6963283571428571459559262393,0.7895113275390921526162125711,0.005813323286734478676237964748,0.07624515254581421,1.196328357142857156364267094,0.1012984999999999778446130989,0.5249999999999999623565005866,0.4650000000000000461089499800,0.3420000000000000036498581887,0,0.5000000000000000104083408552,0.3750000000000000390312781984,0,5
212,0.6939002857142857173339481976,0.7894098296178343963154882989,0.005816835759866038563664422764,0.07626818314255321,1.203900285714285727950455870,0.1013019999999999778446503955,0.5199999999999999622524171781,0.4600000000000000460048665714,0.3440000000000000036914915521,0,0.5100000000000000106165076723,0.3700000000000000389271947898,0,5
212,0.6939002857142857173339481976,0.7893085469625814284692724558,0.005820320277951464869628734093,0.07629102357388755,1.203900285714285727950455870,0.1013019999999999778446503955,0.5199999999999999622524171781,0.4600000000000000460048665714,0.3440000000000000036914915521,0,0.5100000000000000106165076723,0.3700000000000000389271947898,0,5
212,0.6914722857142857172834326781,0.7892049068553268779277620323,0.005824272973880645823810480479,0.07631692455727396,1.211472285714285728108107168,0.1013059999999999778449253492,0.5149999999999999621483337696,0.4550000000000000459007831628,0.3460000000000000037331249155,0,0.5200000000000000108246744894,0.3650000000000000388231113812,0,5
212,0.6914722857142857172834326781,0.7891014860922146650593553346,0.005828195923925675618493475215,0.07634262193510043,1.211472285714285728108107168,0.1013059999999999778449253492,0.5149999999999999621483337696,0.4550000000000000459007831628,0.3460000000000000037331249155,0,0.5200000000000000108246744894,0.3650000000000000388231113812,0,5
212,0.6914722857142857172834326781,0.7889982839776502581378163043,0.005832089290113138734582416523,0.07636811697372889,1.211472285714285728108107168,0.1013059999999999778449253492,0.5149999999999999621483337696,0.4550000000000000459007831628,0.3460000000000000037331249155,0,0.5200000000000000108246744894,0.3650000000000000388231113812,0,5
212,0.6914722857142857172834326781,0.7888952998189772227198074515,0.005835953233499759411748198917,0.07639341092986855,1.211472285714285728108107168,0.1013059999999999778449253492,0.5149999999999999621483337696,0.4550000000000000459007831628,0.3460000000000000037331249155,0,0.5200000000000000108246744894,0.3650000000000000388231113812,0,5
212,0.6890442857142857172329171589,0.7887899717450271261950322508,0.005840292103381872789849741397,0.07642180384799795,1.219044285714285728265758465,0.1013099999999999778452003029,0.5099999999999999620442503611,0.4500000000000000457966997542,0.3480000000000000037747582789,0,0.5300000000000000110328413065,0.3600000000000000387190279726,0,5
213,0.6890442857142857172329171589,0.7886848656480505809801090527,0.005844599746233458788194651512,0.07644998198975235,1.219044285714285728265758465,0.1013099999999999778452003029,0.5099999999999999620442503611,0.4500000000000000457966997542,0.3480000000000000037747582789,0,0.5300000000000000110328413065,0.3600000000000000387190279726,0,5
213,0.6866162857142857171824016396,0.7885774250375939863866377817,0.00584939077169227312616170274,0.0764813099501589,1.226616285714285728423409763,0.1013139999999999778454752566,0.5049999999999999619401669526,0.4450000000000000456926163456,0.3500000000000000038163916423,0,0.5400000000000000112410081236,0.3550000000000000386149445640,0,5
214,0.6866162857142857171824016396,0.7884702103800510754831632957,0.005854148743509441508632237864,0.07651240908185705,1.226616285714285728423409763,0.1013139999999999778454752566,0.5049999999999999619401669526,0.4450000000000000456926163456,0.3500000000000000038163916423,0,0.5400000000000000112410081236,0.3550000000000000386149445640,0,5
214,0.6866162857142857171824016396,0.7883632209633853555689818233,0.005858873838140822845800624576,0.07654328081641669,1.226616285714285728423409763,0.1013139999999999778454752566,0.5049999999999999619401669526,0.4450000000000000456926163456,0.3500000000000000038163916423,0,0.5400000000000000112410081236,0.3550000000000000386149445640,0,5
214,0.684188285714285717131886120,0.7882539083345825227899292570,0.005864089766759090639452043526,0.07657734499680105,1.234188285714285728581061061,0.1013179999999999778457502103,0.4999999999999999618360835441,0.4400000000000000455885329370,0.3520000000000000038580250057,0,0.5500000000000000114491749407,0.3500000000000000385108611554,0,5
215,0.684188285714285717131886120,0.7881448248727163835806440964,0.005869270974586175794479926998,0.07661116742738082,1.234188285714285728581061061,0.1013179999999999778457502103,0.4999999999999999618360835441,0.4400000000000000455885329370,0.3520000000000000038580250057,0,0.5500000000000000114491749407,0.3500000000000000385108611554,0,5
215,0.684188285714285717131886120,0.7880359698578908017309595331,0.005874417645295499135965391059,0.07664474962641277,1.234188285714285728581061061,0.1013179999999999778457502103,0.4999999999999999618360835441,0.4400000000000000455885329370,0.3520000000000000038580250057,0,0.5500000000000000114491749407,0.3500000000000000385108611554,0,5
215,0.6817602142857142885099080783,0.7879248027495517049598078056,0.005880062522072068656375386678,0.07668156572522544,1.241760214285714300167249836,0.1013214999999999778457875069,0.4949999999999999617320001356,0.4350000000000000454844495284,0.3540000000000000038996583691,0,0.5600000000000000116573417578,0.3450000000000000384067777468,0,5
217,0.6817602142857142885099080783,0.7878138679653679668025978791,0.005885671001629782189835372936,0.07671812694291866,1.241760214285714300167249836,0.1013214999999999778457875069,0.4949999999999999617320001356,0.4350000000000000454844495284,0.3540000000000000038996583691,0,0.5600000000000000116573417578,0.3450000000000000384067777468,0,5
217,0.6817602142857142885099080783,0.7877031647778109170340251340,0.005891243274862914815173704808,0.07675443488726182,1.241760214285714300167249836,0.1013214999999999778457875069,0.4949999999999999617320001356,0.4350000000000000454844495284,0.3540000000000000038996583691,0,0.5600000000000000116573417578,0.3450000000000000384067777468,0,5
217,0.6793321428571428598879300366,0.7875901605839416072768342111,0.005897321017435670766178789377,0.07679401680753306,1.249332142857142871753438612,0.1013249999999999778458248035,0.4899999999999999616279167271,0.4300000000000000453803661198,0.3560000000000000039412917325,0,0.5700000000000000118655085749,0.3400000000000000383026943382,0,5
221,0.6793321428571428598879300366,0.7874773918154761919149707692,0.005903360677701112668126378244,0.07683333051287776,1.249332142857142871753438612,0.1013249999999999778458248035,0.4899999999999999616279167271,0.4300000000000000453803661198,0.3560000000000000039412917325,0,0.5700000000000000118655085749,0.3400000000000000383026943382,0,5
221,0.6793321428571428598879300366,0.7873648577374758450554212991,0.005909362453774696650779439053,0.0768723777034033,1.249332142857142871753438612,0.1013249999999999778458248035,0.4899999999999999616279167271,0.4300000000000000453803661198,0.3560000000000000039412917325,0,0.5700000000000000118655085749,0.3400000000000000383026943382,0,5
221,0.6793321428571428598879300366,0.7872525576180576194991141356,0.005915326542619180197224460639,0.07691116006548841,1.249332142857142871753438612,0.1013249999999999778458248035,0.4899999999999999616279167271,0.4300000000000000453803661198,0.3560000000000000039412917325,0,0.5700000000000000118655085749,0.3400000000000000383026943382,0,5
221,0.6793321428571428598879300366,0.7871404907283785802887183057,0.005921253140052312279560237941,0.07694967927192622,1.249332142857142871753438612,0.1013249999999999778458248035,0.4899999999999999616279167271,0.4300000000000000453803661198,0.3560000000000000039412917325,0,0.5700000000000000118655085749,0.3400000000000000383026943382,0,5
223,0.6457607142857142856540629297,0.7869938312092471857922093271,0.005935802455587461660269166646,0.07704415912700625,0.6457607142857142856540629297,0.1013249999999999778458248035,0.5149999999999999560768016039,0.3700000000000000423966417411,0.3560000000000000039412917325,-0.1000000000000000055511151231,0,0.2400000000000000327515792151,0,6
223,0.6457607142857142856540629297,0.7868474756476683952221179836,0.005950278799396806246144745511,0.07713805026960953,0.6457607142857142856540629297,0.1013249999999999778458248035,0.5149999999999999560768016039,0.3700000000000000423966417411,0.3560000000000000039412917325,-0.1000000000000000055511151231,0,0.2400000000000000327515792151,0,6
223,0.6457607142857142856540629297,0.7867014230996746539078653386,0.005964682530868426080086412183,0.07723135717354983,0.6457607142857142856540629297,0.1013249999999999778458248035,0.5149999999999999560768016039,0.3700000000000000423966417411,0.3560000000000000039412917325,-0.1000000000000000055511151231,0,0.2400000000000000327515792151,0,6
223,0.6457607142857142856540629297,0.7865556726252031333615842606,0.005979014007355447769997543507,0.07732408426457728,0.6457607142857142856540629297,0.1013249999999999778458248035,0.5149999999999999560768016039,0.3700000000000000423966417411,0.3560000000000000039412917325,-0.1000000000000000055511151231,0,0.2400000000000000327515792151,0,6
223,0.6457607142857142856540629297,0.7864102232880755622379194658,0.005993273584189383573731296885,0.07741623592108689,0.6457607142857142856540629297,0.1013249999999999778458248035,0.5149999999999999560768016039,0.3700000000000000423966417411,0.3560000000000000039412917325,-0.1000000000000000055511151231,0,0.2400000000000000327515792151,0,6
223,0.6576183571428571435393870483,0.7862773111455108373476217027,0.006004171265160351143767915296,0.07748658764689764,0.6676183571428571437475538654,0.1013284999999999778458621001,0.5099999999999999559727181954,0.3650000000000000422925583325,0.3580000000000000039829250959,0,0.01000000000000000020816681712,0.2350000000000000326474958065,0,6
225,0.6576183571428571435393870483,0.7861446730486008850859637288,0.006015011309093487932991824176,0.07755650397673614,0.6676183571428571437475538654,0.1013284999999999778458621001,0.5099999999999999559727181954,0.3650000000000000422925583325,0.3580000000000000039829250959,0,0.01000000000000000020816681712,0.2350000000000000326474958065,0,6
225,0.6576183571428571435393870483,0.7860123081506547020359672543,0.006025794002550026791646950935,0.0776259879328439,0.6676183571428571437475538654,0.1013284999999999778458621001,0.5099999999999999559727181954,0.3650000000000000422925583325,0.3580000000000000039829250959,0,0.01000000000000000020816681712,0.2350000000000000326474958065,0,6
225,0.6551902857142857149174090067,0.7858777175925925940245284083,0.006037165824410517608828072376,0.07769920092517373,0.6751902857142857153337426409,0.1013319999999999778458993967,0.5049999999999999558686347869,0.3600000000000000421884749239,0.3600000000000000040245584593,0,0.02000000000000000041633363424,0.2300000000000000325434123979,0,6
227,0.6551902857142857149174090067,0.7857434036852150946626505878,0.006048478209598103308888824376,0.07777196287607831,0.6751902857142857153337426409,0.1013319999999999778458993967,0.5049999999999999558686347869,0.3600000000000000421884749239,0.3600000000000000040245584593,0,0.02000000000000000041633363424,0.2300000000000000325434123979,0,6
227,0.6551902857142857149174090067,0.7856093655764153725068546518,0.006059731452085255721904410048,0.07784427693854735,0.6751902857142857153337426409,0.1013319999999999778458993967,0.5049999999999999558686347869,0.3600000000000000421884749239,0.3600000000000000040245584593,0,0.02000000000000000041633363424,0.2300000000000000325434123979,0,6
227,0.6527622142857142862954309647,0.7854731120879120893415096019,0.006071580119719491756723862112,0.07792034470996322,0.6827622142857142869199314161,0.1013354999999999778459366933,0.4999999999999999557645513784,0.3550000000000000420843915153,0.3620000000000000040661918227,0,0.03000000000000000062450045136,0.2250000000000000324393289893,0,6
227,0.6527622142857142862954309647,0.7853371378073770506088804231,0.006083367548230818846003630141,0.07799594571662567,0.6827622142857142869199314161,0.1013354999999999778459366933,0.4999999999999999557645513784,0.3550000000000000420843915153,0.3620000000000000040661918227,0,0.03000000000000000062450045136,0.2250000000000000324393289893,0,6
227,0.6527622142857142862954309647,0.7852014418774674674314869231,0.006095094038974799785894181485,0.07807108324453299,0.6827622142857142869199314161,0.1013354999999999778459366933,0.4999999999999999557645513784,0.3550000000000000420843915153,0.3620000000000000040661918227,0,0.03000000000000000062450045136,0.2250000000000000324393289893,0,6
227,0.6503341428571428576734529231,0.7850635407537248042313253342,0.006107422174576640992499111707,0.07814999791795672,0.6903341428571428585061201916,0.1013389999999999778459739899,0.4949999999999999556604679699,0.3500000000000000419803081067,0.3640000000000000041078251861,0,0.04000000000000000083266726848,0.2200000000000000323352455807,0,6
227,0.6503341428571428576734529231,0.7849259213483146081674255666,0.006119687266162790125955151430,0.07822843003769658,0.6903341428571428585061201916,0.1013389999999999778459739899,0.4949999999999999556604679699,0.3500000000000000419803081067,0.3640000000000000041078251861,0,0.04000000000000000083266726848,0.2200000000000000323352455807,0,6
227,0.6503341428571428576734529231,0.7847885827988338206669215129,0.006131889622442250321916518653,0.07830638302489938,0.6903341428571428585061201916,0.1013389999999999778459739899,0.4949999999999999556604679699,0.3500000000000000419803081067,0.3640000000000000041078251861,0,0.04000000000000000083266726848,0.2200000000000000323352455807,0,6
227,0.6479060714285714290514748811,0.7846490491480996082391789577,0.006144699767532118955668645540,0.07838813537476266,0.6979060714285714300923089667,0.1013424999999999778460112865,0.4899999999999999555563845614,0.3450000000000000418762246981,0.3660000000000000041494585495,0,0.05000000000000000104083408560,0.2150000000000000322311621721,0,6
227,0.6479060714285714290514748811,0.7845097996799534491972362855,0.006157445061630535765562422014,0.07846938932877288,0.6979060714285714300923089667,0.1013424999999999778460112865,0.4899999999999999555563845614,0.3450000000000000418762246981,0.3660000000000000041494585495,0,0.05000000000000000104083408560,0.2150000000000000322311621721,0,6
227,0.6479060714285714290514748811,0.7843708335271036200821337816,0.006170125820768865828879635620,0.07855014844523761,0.6979060714285714300923089667,0.1013424999999999778460112865,0.4899999999999999555563845614,0.3450000000000000418762246981,0.3660000000000000041494585495,0,0.05000000000000000104083408560,0.2150000000000000322311621721,0,6
227,0.6454780000000000004294968394,0.7842296822735191651841128090,0.006183420438160088132318466173,0.0786347279397601,0.7054780000000000016784977421,0.1013459999999999778460485831,0.4849999999999999554523011529,0.3400000000000000417721412895,0.3680000000000000041910919129,0,0.06000000000000000124900090272,0.2100000000000000321270787635,0,6
228,0.6454780000000000004294968394,0.7840888176214648310066969552,0.006196648395848951987201760232,0.07871879315544003,0.7054780000000000016784977421,0.1013459999999999778460485831,0.4849999999999999554523011529,0.3400000000000000417721412895,0.3680000000000000041910919129,0,0.06000000000000000124900090272,0.2100000000000000321270787635,0,6
228,0.6454780000000000004294968394,0.7839482386989278484199046630,0.006209810017156750266525713136,0.07880234778962332,0.7054780000000000016784977421,0.1013459999999999778460485831,0.4849999999999999554523011529,0.3400000000000000417721412895,0.3680000000000000041910919129,0,0.06000000000000000124900090272,0.2100000000000000321270787635,0,6
228,0.6430499285714285718075187977,0.7838054845853234925165486489,0.006223591492872681330673249284,0.07888974263408825,0.7130499285714285732646865175,0.1013494999999999778460858797,0.4799999999999999553482177444,0.3350000000000000416680578809,0.3700000000000000042327252763,0,0.07000000000000000145716771984,0.2050000000000000320229953549,0,6
229,0.6430499285714285718075187977,0.7836630194476576069692723029,0.006237304498776420160431072859,0.07897660728833836,0.7130499285714285732646865175,0.1013494999999999778460858797,0.4799999999999999553482177444,0.3350000000000000416680578809,0.3700000000000000042327252763,0,0.07000000000000000145716771984,0.2050000000000000320229953549,0,6
229,0.6430499285714285718075187977,0.7835208424093601054170359495,0.006250949365445466838547287523,0.07906294559049433,0.7130499285714285732646865175,0.1013494999999999778460858797,0.4799999999999999553482177444,0.3350000000000000416680578809,0.3700000000000000042327252763,0,0.07000000000000000145716771984,0.2050000000000000320229953549,0,6
229,0.6406218571428571431855407557,0.7833765000000000014147819140,0.006265220010588724355350207465,0.07915314277139426,0.7206218571428571448508752927,0.1013529999999999778461231763,0.4749999999999999552441343359,0.3300000000000000415639744723,0.3720000000000000042743586397,0,0.08000000000000000166533453696,0.2000000000000000319189119463,0,6
231,0.6406218571428571431855407557,0.7832324488972178189140460502,0.006279420374735989946469594763,0.07924279383474557,0.7206218571428571448508752927,0.1013529999999999778461231763,0.4749999999999999552441343359,0.3300000000000000415639744723,0.3720000000000000042743586397,0,0.08000000000000000166533453696,0.2000000000000000319189119463,0,6
231,0.6406218571428571431855407557,0.7830886882200460843619003795,0.006293550795686030570194162579,0.07933190276103322,0.7206218571428571448508752927,0.1013529999999999778461231763,0.4749999999999999552441343359,0.3300000000000000415639744723,0.3720000000000000042743586397,0,0.08000000000000000166533453696,0.2000000000000000319189119463,0,6
231,0.6381937857142857145635627141,0.7829427719033232642513280354,0.006308312848261124379591945385,0.07942488809095752,0.7281937857142857164370640682,0.1013564999999999778461604729,0.4699999999999999551400509274,0.3250000000000000414598910637,0.3740000000000000043159920031,0,0.09000000000000000187350135408,0.1950000000000000318148285377,0,6
232,0.6381937857142857145635627141,0.7827971491807990816057669033,0.006323002807896504106307795439,0.07951731137240811,0.7281937857142857164370640682,0.1013564999999999778461604729,0.4699999999999999551400509274,0.3250000000000000414598910637,0.3740000000000000043159920031,0,0.09000000000000000187350135408,0.1950000000000000318148285377,0,6
232,0.6357657142857142859415846721,0.7826493788944723632181647102,0.006338331258269370062111048741,0.07961363738876255,0.7357657142857142880232528433,0.1013599999999999778461977695,0.4649999999999999550359675189,0.3200000000000000413558076551,0.3760000000000000043576253665,0,0.1000000000000000020816681712,0.1900000000000000317107451291,0,6
237,0.6357657142857142859415846721,0.7825019053356282286024251720,0.006353585453556084394026780299,0.07970938121423403,0.7357657142857142880232528433,0.1013599999999999778461977695,0.4649999999999999550359675189,0.3200000000000000413558076551,0.3760000000000000043576253665,0,0.1000000000000000020816681712,0.1900000000000000317107451291,0,6
237,0.6357657142857142859415846721,0.7823547276114056469147011595,0.006368765747813099073071313712,0.07980454716250884,0.7357657142857142880232528433,0.1013599999999999778461977695,0.4649999999999999550359675189,0.3200000000000000413558076551,0.3760000000000000043576253665,0,0.1000000000000000020816681712,0.1900000000000000317107451291,0,6
237,0.6333376428571428573196066303,0.7822054118952190108529826279,0.006384590243715464690291362593,0.079903630979546,0.7433376428571428596094416186,0.1013634999999999778462350661,0.4599999999999999549318841104,0.3150000000000000412517242465,0.3780000000000000043992587299,0,0.1100000000000000022898349883,0.1850000000000000316066617205,0,6
239,0.6333376428571428573196066303,0.7820563951093951107993956649,0.006400338669168669214842657489,0.08000211665430278,0.7433376428571428596094416186,0.1013634999999999778462350661,0.4599999999999999549318841104,0.3150000000000000412517242465,0.3780000000000000043992587299,0,0.1100000000000000022898349883,0.1850000000000000316066617205,0,6
239,0.6333376428571428573196066303,0.7819076763571428585459158758,0.006416011385353691668242200443,0.08010000864765054,0.7433376428571428596094416186,0.1013634999999999778462350661,0.4599999999999999549318841104,0.3150000000000000412517242465,0.3780000000000000043992587299,0,0.1100000000000000022898349883,0.1850000000000000316066617205,0,6
239,0.6309096428571428572690911113,0.7817568291708291722309540129,0.006432333925047400259878134844,0.0802018324294863,0.7509096428571428597670929167,0.1013674999999999778465100198,0.4549999999999999548278007019,0.3100000000000000411476408379,0.3800000000000000044408920933,0,0.1200000000000000024980018054,0.1800000000000000315025783119,0,6
240,0.6309096428571428572690911113,0.7816062830767037367868802974,0.006448578579187536361101568124,0.0803030421540027,0.7509096428571428597670929167,0.1013674999999999778465100198,0.4549999999999999548278007019,0.3100000000000000411476408379,0.3800000000000000044408920933,0,0.1200000000000000024980018054,0.1800000000000000315025783119,0,6
240,0.6309096428571428572690911113,0.7814560371741917119817778157,0.006464745716039656823052782667,0.08040364243017636,0.7509096428571428597670929167,0.1013674999999999778465100198,0.4549999999999999548278007019,0.3100000000000000411476408379,0.3800000000000000044408920933,0,0.1200000000000000024980018054,0.1800000000000000315025783119,0,6
240,0.6284817142857142857899606711,0.7813036723107569735094752090,0.006481568231117912054446539526,0.08050818735456607,0.7584817142857142884961292936,0.1013719999999999778464805295,0.4499999999999999547237172934,0.3050000000000000410435574293,0.3820000000000000044825254567,0,0.1300000000000000027061686225,0.1750000000000000313984949033,0,6
241,0.6284817142857142857899606711,0.7811516106609808116311473338,0.006498311046071262011691603194,0.08061210235486518,0.7584817142857142884961292936,0.1013719999999999778464805295,0.4499999999999999547237172934,0.3050000000000000410435574293,0.3820000000000000044825254567,0,0.1300000000000000027061686225,0.1750000000000000313984949033,0,6
241,0.6284817142857142857899606711,0.7809998513206475447068519197,0.006514974536208971174840921794,0.08071539218890639,0.7584817142857142884961292936,0.1013719999999999778464805295,0.4499999999999999547237172934,0.3050000000000000410435574293,0.3820000000000000044825254567,0,0.1300000000000000027061686225,0.1750000000000000313984949033,0,6
241,0.6260538571428571428822927539,0.7808459824088523208718722185,0.006532298893218062109873129321,0.08082263849453358,0.7660538571428571457966281935,0.1013769999999999778466886963,0.4449999999999999546196338849,0.3000000000000000409394740207,0.3840000000000000045241588201,0,0.1400000000000000029143354396,0.1700000000000000312944114947,0,6
242,0.6260538571428571428822927539,0.7806924187925170081952952548,0.006549541736329031943935726398,0.08092923906925749,0.7660538571428571457966281935,0.1013769999999999778466886963,0.4449999999999999546196338849,0.3000000000000000409394740207,0.3840000000000000045241588201,0,0.1400000000000000029143354396,0.1700000000000000312944114947,0,6
242,0.6260538571428571428822927539,0.7805391595639246792901287508,0.006566703447853114860964550206,0.08103519882034667,0.7660538571428571457966281935,0.1013769999999999778466886963,0.4449999999999999546196338849,0.3000000000000000409394740207,0.3840000000000000045241588201,0,0.1400000000000000029143354396,0.1700000000000000312944114947,0,6
242,0.6260538571428571428822927539,0.7803862038189533252936853489,0.006583784408034003595125470810,0.08114052260143512,0.7660538571428571457966281935,0.1013769999999999778466886963,0.4449999999999999546196338849,0.3000000000000000409394740207,0.3840000000000000045241588201,0,0.1400000000000000029143354396,0.1700000000000000312944114947,0,6
242,0.6260538571428571428822927539,0.7802335506570580768442180961,0.006600784995060807680136749717,0.08124521521333307,0.7660538571428571457966281935,0.1013769999999999778466886963,0.4449999999999999546196338849,0.3000000000000000409394740207,0.3840000000000000045241588201,0,0.1400000000000000029143354396,0.1700000000000000312944114947,0,6
242,0.6260538571428571428822927539,0.7800811991812535304667853636,0.006617705585080918691367401819,0.081349281404822,0.7660538571428571457966281935,0.1013769999999999778466886963,0.4449999999999999546196338849,0.3000000000000000409394740207,0.3840000000000000045241588201,0,0.1400000000000000029143354396,0.1700000000000000312944114947,0,6
242,0.6260538571428571428822927539,0.7799291484980961796399497343,0.006634546552212783235045699648,0.081452725873434,0.7660538571428571457966281935,0.1013769999999999778466886963,0.4449999999999999546196338849,0.3000000000000000409394740207,0.3840000000000000045241588201,0,0.1400000000000000029143354396,0.1700000000000000312944114947,0,6
242,0.6560538571428571444980637629,0.7798069835164835178695928448,0.006643106995738457748089181633,0.08150525747299041,0.7960538571428571474123992025,0.1013769999999999778466886963,0.4949999999999999573951914465,0.3100000000000000411476408378,0.3840000000000000045241588201,-0.05000000000000000277555756156,0.1400000000000000029143354396,0.3700000000000000423966417410,0,6
242,0.6560538571428571444980637629,0.7796850592540464475510002053,0.006651620854989412704381031370,0.08155746964557822,0.7960538571428571474123992025,0.1013769999999999778466886963,0.4949999999999999573951914465,0.3100000000000000411476408378,0.3840000000000000045241588201,-0.05000000000000000277555756156,0.1400000000000000029143354396,0.3700000000000000423966417410,0,6
242,0.660768928571428573415509448,0.7795680158183352094859062183,0.006658964951717472470360746591,0.08160248128407292,0.8107689285714285765380117047,0.1013824999999999778471345202,0.4899999999999999572911080380,0.3050000000000000410435574292,0.3860000000000000045657921835,0,0.1500000000000000031225022567,0.3650000000000000422925583324,0,6
242,0.660768928571428573415509448,0.7794512025565388411121890140,0.006666267328518415743666392907,0.08164721261940554,0.8107689285714285765380117047,0.1013824999999999778471345202,0.4899999999999999572911080380,0.3050000000000000410435574292,0.3860000000000000045657921835,0,0.1500000000000000031225022567,0.3650000000000000422925583324,0,6
242,0.6583411428571428590793040531,0.7793322339320797094991901093,0.006674098936368106556867533165,0.08169515858585566,0.8183411428571428624099731269,0.1013879999999999778475803441,0.4849999999999999571870246295,0.3000000000000000409394740206,0.3880000000000000046074255469,0,0.1600000000000000033306690738,0.3600000000000000421884749238,0,6
243,0.6583411428571428590793040531,0.7792134988083555320208585235,0.006681886990830156165421526245,0.08174281002528697,0.8183411428571428624099731269,0.1013879999999999778475803441,0.4849999999999999571870246295,0.3000000000000000409394740206,0.3880000000000000046074255469,0,0.1600000000000000033306690738,0.3600000000000000421884749238,0,6
243,0.6583411428571428590793040531,0.7790949964985994411650334701,0.006689631702769795538837379410,0.08179016874154127,0.8183411428571428624099731269,0.1013879999999999778475803441,0.4849999999999999571870246295,0.3000000000000000409394740206,0.3880000000000000046074255469,0,0.1600000000000000033306690738,0.3600000000000000421884749238,0,6
243,0.655913357142857144743098658,0.7789743484678886259873430345,0.006697912188453566036333008535,0.0818407733862136,0.8259133571428571482819345489,0.1013934999999999778480261680,0.4799999999999999570829412210,0.2950000000000000408353906120,0.3900000000000000046490589103,0,0.1700000000000000035388358909,0.3550000000000000420843915152,0,6
244,0.655913357142857144743098658,0.7788539365389991626984543414,0.006706147485786056773346624129,0.08189107085504535,0.8259133571428571482819345489,0.1013934999999999778480261680,0.4799999999999999570829412210,0.2950000000000000408353906120,0.3900000000000000046490589103,0,0.1700000000000000035388358909,0.3550000000000000420843915152,0,6
244,0.655913357142857144743098658,0.7787337600195503435215673857,0.006714337812156542765726408310,0.08194106304019091,0.8259133571428571482819345489,0.1013934999999999778480261680,0.4799999999999999570829412210,0.2950000000000000408353906120,0.3900000000000000046490589103,0,0.1700000000000000035388358909,0.3550000000000000420843915152,0,6
244,0.6534855000000000018354307404,0.7786114472656250013910145179,0.006723070395034436735977740566,0.08199433148111177,0.8334855000000000055824334484,0.1013984999999999778482343348,0.4749999999999999569788578125,0.2900000000000000407313072034,0.3920000000000000046906922737,0,0.1800000000000000037470027080,0.3500000000000000419803081066,0,6
245,0.6534855000000000018354307404,0.7784893731707317087085212654,0.006731756149095558630123346074,0.08204727996159018,0.8334855000000000055824334484,0.1013984999999999778482343348,0.4749999999999999569788578125,0.2900000000000000407313072034,0.3920000000000000046906922737,0,0.1800000000000000037470027080,0.3500000000000000419803081066,0,6
245,0.6534855000000000018354307404,0.7783675370370370384289178633,0.006740395298243145697881362470,0.08209991046428215,0.8334855000000000055824334484,0.1013984999999999778482343348,0.4749999999999999569788578125,0.2900000000000000407313072034,0.3920000000000000046906922737,0,0.1800000000000000037470027080,0.3500000000000000419803081066,0,6
245,0.6510575714285714303563003006,0.7782435740714981235232970088,0.006749583111261688453559507971,0.08215584648253396,0.8410575714285714343114698257,0.1014029999999999778482048445,0.4699999999999999568747744040,0.2850000000000000406272237948,0.3940000000000000047323256371,0,0.1900000000000000039551695251,0.3450000000000000418762246980,0,6
246,0.6510575714285714303563003006,0.7781198522790439146778038213,0.006758722449883928393384462172,0.08221144962767613,0.8410575714285714343114698257,0.1014029999999999778482048445,0.4699999999999999568747744040,0.2850000000000000406272237948,0.3940000000000000047323256371,0,0.1900000000000000039551695251,0.3450000000000000418762246980,0,6
246,0.6510575714285714303563003006,0.7779963709565458850526128558,0.006767813544515336905774192215,0.08226672197502059,0.8410575714285714343114698257,0.1014029999999999778482048445,0.4699999999999999568747744040,0.2850000000000000406272237948,0.3940000000000000047323256371,0,0.1900000000000000039551695251,0.3450000000000000418762246980,0,6
246,0.6486295714285714303057847813,0.7778707721220527059703343819,0.006777459636177645030108149946,0.08232532803565161,0.8486295714285714344691211235,0.1014069999999999778484797982,0.4649999999999999567706909955,0.2800000000000000405231403862,0.3960000000000000047739590005,0,0.2000000000000000041633363422,0.3400000000000000417721412894,0,6
247,0.6486295714285714303057847813,0.7777454169322433157902523746,0.006787055603126190541667527011,0.08238358819040471,0.8486295714285714344691211235,0.1014069999999999778484797982,0.4649999999999999567706909955,0.2800000000000000405231403862,0.3960000000000000047739590005,0,0.2000000000000000041633363422,0.3400000000000000417721412894,0,6
247,0.6462015000000000016838067396,0.7776179518964562583153430280,0.006797213770011779117935443406,0.08244521678067065,0.8562015000000000060553098989,0.1014104999999999778485170948,0.4599999999999999566666075870,0.2750000000000000404190569776,0.3980000000000000048155923639,0,0.2100000000000000043715031593,0.3350000000000000416680578808,0,6
247,0.6462015000000000016838067396,0.7774907336467985078248962358,0.006807319916286272699594719034,0.0825064840863206,0.8562015000000000060553098989,0.1014104999999999778485170948,0.4599999999999999566666075870,0.2750000000000000404190569776,0.3980000000000000048155923639,0,0.2100000000000000043715031593,0.3350000000000000416680578808,0,6
247,0.6462015000000000016838067396,0.7773637614672561495017423775,0.006817374286612112732618543887,0.08256739239319667,0.8562015000000000060553098989,0.1014104999999999778485170948,0.4599999999999999566666075870,0.2750000000000000404190569776,0.3980000000000000048155923639,0,0.2100000000000000043715031593,0.3350000000000000416680578808,0,6
247,0.6437734285714285730618286977,0.7772346886818495528095299005,0.006827997024451387450932263325,0.08263169503556966,0.8637734285714285776414986741,0.1014139999999999778485543914,0.4549999999999999565625241785,0.2700000000000000403149735690,0.4000000000000000048572257273,0,0.2200000000000000045796699764,0.3300000000000000415639744722,0,6
248,0.6437734285714285730618286977,0.7771058650717043588136344360,0.006838566080048538693375842764,0.08269562310091472,0.8637734285714285776414986741,0.1014139999999999778485543914,0.4549999999999999565625241785,0.2700000000000000403149735690,0.4000000000000000048572257273,0,0.2200000000000000045796699764,0.3300000000000000415639744722,0,6
248,0.6437734285714285730618286977,0.7769772899159663879498429165,0.006849081704539422316165142684,0.08275917897453686,0.8637734285714285776414986741,0.1014139999999999778485543914,0.4549999999999999565625241785,0.2700000000000000403149735690,0.4000000000000000048572257273,0,0.2200000000000000045796699764,0.3300000000000000415639744722,0,6
248,0.6413453571428571444398506559,0.7768466233140655119927041957,0.006860171792621754912330419288,0.08282615403736766,0.8713453571428571492276874494,0.1014174999999999778485916880,0.4499999999999999564584407700,0.2650000000000000402108901604,0.4020000000000000048988590907,0,0.2300000000000000047878367935,0.3250000000000000414598910636,0,6
250,0.6413453571428571444398506559,0.7767162082359411536023742115,0.006871206533269535633375635299,0.0828927411373851,0.8713453571428571492276874494,0.1014174999999999778485916880,0.4499999999999999564584407700,0.2650000000000000402108901604,0.4020000000000000048988590907,0,0.2300000000000000047878367935,0.3250000000000000414598910636,0,6
250,0.6413453571428571444398506559,0.7765860439560439574397179388,0.006882186184073798081356797507,0.08295894276130693,0.8713453571428571492276874494,0.1014174999999999778485916880,0.4499999999999999564584407700,0.2650000000000000402108901604,0.4020000000000000048988590907,0,0.2300000000000000047878367935,0.3250000000000000414598910636,0,6
250,0.6389172857142857158178726141,0.7764537973102785796859985869,0.006893746324167862328646413950,0.08302858739113814,0.8789172857142857208138762247,0.1014209999999999778486289846,0.4449999999999999563543573615,0.2600000000000000401068067518,0.4040000000000000049404924541,0,0.2400000000000000049960036106,0.3200000000000000413558076550,0,6
251,0.6389172857142857158178726141,0.7763218044968467247302710188,0.006905249448407496972364416765,0.08309783058785288,0.8789172857142857208138762247,0.1014209999999999778486289846,0.4449999999999999563543573615,0.2600000000000000401068067518,0.4040000000000000049404924541,0,0.2400000000000000049960036106,0.3200000000000000413558076550,0,6
251,0.6389172857142857158178726141,0.7761900647856458033410932639,0.006916695820819354056813812063,0.0831666749414653,0.8789172857142857208138762247,0.1014209999999999778486289846,0.4449999999999999563543573615,0.2600000000000000401068067518,0.4040000000000000049404924541,0,0.2400000000000000049960036106,0.3200000000000000413558076550,0,6
251,0.6364892142857142871958945723,0.7760562517104542980574292805,0.006928728638936882241436584762,0.08323898509074268,0.8864892142857142924000650000,0.1014244999999999778486662812,0.4399999999999999562502739530,0.2550000000000000400027233432,0.4060000000000000049821258175,0,0.2500000000000000052041704277,0.3150000000000000412517242464,0,6
252,0.6364892142857142871958945723,0.7759226947368421066594756588,0.006940702769876382874496218651,0.08331088026108224,0.8864892142857142924000650000,0.1014244999999999778486662812,0.4399999999999999562502739530,0.2550000000000000400027233432,0.4060000000000000049821258175,0,0.2500000000000000052041704277,0.3150000000000000412517242464,0,6
252,0.6364892142857142871958945723,0.7757893931302922712680190803,0.006952618484079303552193228183,0.08338236314760636,0.8864892142857142924000650000,0.1014244999999999778486662812,0.4399999999999999562502739530,0.2550000000000000400027233432,0.4060000000000000049821258175,0,0.2500000000000000052041704277,0.3150000000000000412517242464,0,6
252,0.6340611428571428585739165306,0.7756540270841861113705079986,0.006965126532197406293751753792,0.08345733360344917,0.8940611428571428639862537754,0.1014279999999999778487035778,0.4349999999999999561461905445,0.2500000000000000398986399346,0.4080000000000000050237591809,0,0.2600000000000000054123372448,0.3100000000000000411476408378,0,6
254,0.6340611428571428585739165306,0.7755189193702290090300532357,0.006977574219223960512691981475,0.08353187546813468,0.8940611428571428639862537754,0.1014279999999999778487035778,0.4349999999999999561461905445,0.2500000000000000398986399346,0.4080000000000000050237591809,0,0.2600000000000000054123372448,0.3100000000000000411476408378,0,6
254,0.6340611428571428585739165306,0.7753840692496254950639368041,0.006989961821993179869057356793,0.0836059915436279,0.8940611428571428639862537754,0.1014279999999999778487035778,0.4349999999999999561461905445,0.2500000000000000398986399346,0.4080000000000000050237591809,0,0.2600000000000000054123372448,0.3100000000000000411476408378,0,6
254,0.6316330714285714299519384887,0.7752471635374149673828777581,0.007002947579736279122142322765,0.08368361595758324,0.9016330714285714355724425506,0.1014314999999999778487408744,0.4299999999999999560421071360,0.2450000000000000397945565260,0.4100000000000000050653925443,0,0.2700000000000000056205040619,0.3050000000000000410435574292,0,6
254,0.6316330714285714299519384887,0.7751105183498708726755219643,0.007015871300188532233287000617,0.08376079811098108,0.9016330714285714355724425506,0.1014314999999999778487408744,0.4299999999999999560421071360,0.2450000000000000397945565260,0.4100000000000000050653925443,0,0.2700000000000000056205040619,0.3050000000000000410435574292,0,6
254,0.6316330714285714299519384887,0.7749741329440521469695109534,0.007028733266553737836744331942,0.08383754091428099,0.9016330714285714355724425506,0.1014314999999999778487408744,0.4299999999999999560421071360,0.2450000000000000397945565260,0.4100000000000000050653925443,0,0.2700000000000000056205040619,0.3050000000000000410435574292,0,6
254,0.6292050000000000013299604469,0.7748357007190340537637753878,0.007042199142836133969165805811,0.08391781183298415,0.9092050000000000071586313259,0.1014349999999999778487781710,0.4249999999999999559380237275,0.2400000000000000396904731174,0.4120000000000000051070259077,0,0.2800000000000000058286708790,0.3000000000000000409394740206,0,6
256,0.6292050000000000013299604469,0.7746975311737598279075763224,0.007055601303637378125684613662,0.08399762677384033,0.9092050000000000071586313259,0.1014349999999999778487781710,0.4249999999999999559380237275,0.2400000000000000396904731174,0.4120000000000000051070259077,0,0.2800000000000000058286708790,0.3000000000000000409394740206,0,6
256,0.6292050000000000013299604469,0.7745596235612728517686401936,0.007068940038506574294727876181,0.08407698875736794,0.9092050000000000071586313259,0.1014349999999999778487781710,0.4249999999999999559380237275,0.2400000000000000396904731174,0.4120000000000000051070259077,0,0.2800000000000000058286708790,0.3000000000000000409394740206,0,6
256,0.6292050000000000013299604469,0.7744219771374458888420884134,0.007082215635486149017545442510,0.08415590077639327,0.9092050000000000071586313259,0.1014349999999999778487781710,0.4249999999999999559380237275,0.2400000000000000396904731174,0.4120000000000000051070259077,0,0.2800000000000000058286708790,0.3000000000000000409394740206,0,6
256,0.6292050000000000013299604469,0.7742845911609676997337514901,0.007095428381120914758042729050,0.0842343657963952,0.9092050000000000071586313259,0.1014349999999999778487781710,0.4249999999999999559380237275,0.2400000000000000396904731174,0.4120000000000000051070259077,0,0.2800000000000000058286708790,0.3000000000000000409394740206,0,6
256,0.6292050000000000013299604469,0.7741474648933297340452790977,0.007108578560467070908598905491,0.0843123867558443,0.9092050000000000071586313259,0.1014349999999999778487781710,0.4249999999999999559380237275,0.2400000000000000396904731174,0.4120000000000000051070259077,0,0.2800000000000000058286708790,0.3000000000000000409394740206,0,6
257,0.6399192857142857152191665096,0.7740207149602050465865197846,0.007118847318507988035758537793,0.08437326186955195,0.9199192857142857210478373886,0.05143499999999997507322060944,0.4999999999999999531624661659,0.4300000000000000505845365466,0.4120000000000000051070259077,-0.05000000000000000277555756156,0.2800000000000000058286708790,0.2100000000000000355965257146,0,6
257,0.6399192857142857152191665096,0.7738942041778975755191920928,0.007129064706676689411337994572,0.0844337888921058,0.9199192857142857210478373886,0.05143499999999997507322060944,0.4999999999999999531624661659,0.4300000000000000505845365466,0.4120000000000000051070259077,-0.05000000000000000277555756156,0.2800000000000000058286708790,0.2100000000000000355965257146,0,6
257,0.644634071428571429850839548,0.7737723755890669193969787539,0.007138063421940376458702459323,0.08448706067759948,0.9346340714285714358876772441,0.05143849999999997507325790599,0.4949999999999999530583827574,0.4250000000000000504804531380,0.4140000000000000051486592711,0,0.2900000000000000060368376961,0.2050000000000000354924423060,0,6
257,0.644634071428571429850839548,0.7736507764326069424765021633,0.007147015631684404656089664224,0.08454002384482988,0.9346340714285714358876772441,0.05143849999999997507325790599,0.4949999999999999530583827574,0.4250000000000000504804531380,0.4140000000000000051486592711,0,0.2900000000000000060368376961,0.2050000000000000354924423060,0,6
257,0.6422060000000000012288615061,0.7735271218922187891921676001,0.007156515369617938597731404608,0.08459619004197493,0.9422060000000000074738660193,0.05144199999999997507329520254,0.4899999999999999529542993489,0.4200000000000000503763697294,0.4160000000000000051902926345,0,0.3000000000000000062450045132,0.2000000000000000353883588974,0,6
257,0.6422060000000000012288615061,0.7734036997851772301809238914,0.007165966799184953216631954804,0.08465203363880253,0.9422060000000000074738660193,0.05144199999999997507329520254,0.4899999999999999529542993489,0.4200000000000000503763697294,0.4160000000000000051902926345,0,0.3000000000000000062450045132,0.2000000000000000353883588974,0,6
257,0.6422060000000000012288615061,0.7732805094567404440504524713,0.007175370142124051983353593393,0.08470755658218487,0.9422060000000000074738660193,0.05144199999999997507329520254,0.4899999999999999529542993489,0.4200000000000000503763697294,0.4160000000000000051902926345,0,0.3000000000000000062450045132,0.2000000000000000353883588974,0,6
257,0.6397779285714285726068834646,0.7731552725140712959534134760,0.007185327126866143879771708021,0.0847663089137786,0.9497779285714285790600547949,0.05144549999999997507333249909,0.4849999999999999528502159404,0.4150000000000000502722863208,0.4180000000000000052319259979,0,0.3100000000000000064531713303,0.1950000000000000352842754888,0,6
257,0.6397779285714285726068834646,0.7730302703173115558190680871,0.007195234211640178973423764551,0.08482472641653599,0.9497779285714285790600547949,0.05144549999999997507333249909,0.4849999999999999528502159404,0.4150000000000000502722863208,0.4180000000000000052319259979,0,0.3100000000000000064531713303,0.1950000000000000352842754888,0,6
257,0.6397779285714285726068834646,0.7729055022070626017149368281,0.007205091624234252926282696997,0.08488281112353815,0.9497779285714285790600547949,0.05144549999999997507333249909,0.4849999999999999528502159404,0.4150000000000000502722863208,0.4180000000000000052319259979,0,0.3100000000000000064531713303,0.1950000000000000352842754888,0,6
257,0.6373499285714285725563679451,0.7727786962448215970103918618,0.007215508705140987828568566111,0.08494415050573517,0.9573499285714285792177060925,0.05144949999999997507360745276,0.4799999999999999527461325319,0.4100000000000000501682029122,0.4200000000000000052735593613,0,0.3200000000000000066613381474,0.1900000000000000351801920802,0,6
257,0.6373499285714285725563679451,0.7726521273030707624080983815,0.007225874290446105407614992814,0.08500514272940259,0.9573499285714285792177060925,0.05144949999999997507360745276,0.4799999999999999527461325319,0.4100000000000000501682029122,0.4200000000000000052735593613,0,0.3200000000000000066613381474,0.1900000000000000351801920802,0,6
257,0.6373499285714285725563679451,0.7725257947178871562551089039,0.007236188613973648995274242775,0.08506578991565086,0.9573499285714285792177060925,0.05144949999999997507360745276,0.4799999999999999527461325319,0.4100000000000000501682029122,0.4200000000000000052735593613,0,0.3200000000000000066613381474,0.1900000000000000351801920802,0,6
257,0.6349220000000000010772375053,0.7723974329690831570431892478,0.007247068563652812453263546046,0.08512971610226838,0.9649220000000000079467424698,0.05145399999999997507357796246,0.4749999999999999526420491234,0.4050000000000000500641195036,0.4220000000000000053151927247,0,0.3300000000000000068695049645,0.1850000000000000350761086716,0,6
257,0.6349220000000000010772375053,0.7722693104779656517720187429,0.007257895418388952136922300272,0.08519328270696554,0.9649220000000000079467424698,0.05145399999999997507357796246,0.4749999999999999526420491234,0.4050000000000000500641195036,0.4220000000000000053151927247,0,0.3300000000000000068695049645,0.1850000000000000350761086716,0,6
257,0.6349220000000000010772375053,0.7721414265762170804026567492,0.007268669418027236008382230266,0.08525649194065656,0.9649220000000000079467424698,0.05145399999999997507357796246,0.4749999999999999526420491234,0.4050000000000000500641195036,0.4220000000000000053151927247,0,0.3300000000000000068695049645,0.1850000000000000350761086716,0,6
257,0.6324941428571428581695695877,0.7720115221262458485680213193,0.007280014934027321118025897700,0.08532300354551123,0.9724941428571428652472413693,0.05145899999999997507378612928,0.4699999999999999525379657149,0.4000000000000000499600360950,0.4240000000000000053568260881,0,0.3400000000000000070776717816,0.1800000000000000349720252630,0,6
257,0.6324941428571428581695695877,0.7718818591343600651196956206,0.007291305752349765989386658174,0.08538914305899648,0.9724941428571428652472413693,0.05145899999999997507378612928,0.4699999999999999525379657149,0.4000000000000000499600360950,0.4240000000000000053568260881,0,0.3400000000000000070776717816,0.1800000000000000349720252630,0,6
257,0.6300663571428571438333641926,0.7717501827165406566505346815,0.007303174833758163582896846285,0.08545861474279912,0.9800663571428571511192027913,0.05146449999999997507423195321,0.4649999999999999524338823064,0.3950000000000000498559526864,0.4260000000000000053984594515,0,0.3500000000000000072858385987,0.1750000000000000348679418544,0,6
257,0.6300663571428571438333641926,0.7716187505963424344679584566,0.007314987361827414178241935966,0.08552769938345947,0.9800663571428571511192027913,0.05146449999999997507423195321,0.4649999999999999524338823064,0.3950000000000000498559526864,0.4260000000000000053984594515,0,0.3500000000000000072858385987,0.1750000000000000348679418544,0,6
257,0.6300663571428571438333641926,0.7714875620945319754404935870,0.007326743589675566359643417001,0.0855963993966777,0.9800663571428571511192027913,0.05146449999999997507423195321,0.4649999999999999524338823064,0.3950000000000000498559526864,0.4260000000000000053984594515,0,0.3500000000000000072858385987,0.1750000000000000348679418544,0,6
257,0.6276385714285714294971587977,0.7713543685846560860461016104,0.007339083855196430530287420867,0.08566845309211805,0.9876385714285714369911642135,0.05146999999999997507467777714,0.4599999999999999523297988979,0.3900000000000000497518692778,0.4280000000000000054400928149,0,0.3600000000000000074940054158,0.1700000000000000347638584458,0,6
257,0.6276385714285714294971587977,0.7712214215012554526912922276,0.007351365956010305116665177674,0.08574010704454657,0.9876385714285714369911642135,0.05146999999999997507467777714,0.4599999999999999523297988979,0.3900000000000000497518692778,0.4280000000000000054400928149,0,0.3600000000000000074940054158,0.1700000000000000347638584458,0,6
257,0.6276385714285714294971587977,0.7710887201610773713389871135,0.007363590151218593259877820102,0.085811363765055,0.9876385714285714369911642135,0.05146999999999997507467777714,0.4599999999999999523297988979,0.3900000000000000497518692778,0.4280000000000000054400928149,0,0.3600000000000000074940054158,0.1700000000000000347638584458,0,6
257,0.6252107857142857151609534026,0.7709540221606648213332825579,0.007376404094726115488660887633,0.08588599475308017,0.9952107857142857228631256355,0.05147549999999997507512360107,0.4549999999999999522257154894,0.3850000000000000496477858692,0.4300000000000000054817261783,0,0.3700000000000000077021722329,0.1650000000000000346597750372,0,6
257,0.6252107857142857151609534026,0.7708195726805482354419796712,0.007389158259621927579542662171,0.08596021323625208,0.9952107857142857228631256355,0.05147549999999997507512360107,0.4549999999999999522257154894,0.3850000000000000496477858692,0.4300000000000000054817261783,0,0.3700000000000000077021722329,0.1650000000000000346597750372,0,6
257,0.6252107857142857151609534026,0.7706853710335747215984026885,0.007401852910971418057824232064,0.08603402182259887,0.9952107857142857228631256355,0.05147549999999997507512360107,0.4549999999999999522257154894,0.3850000000000000496477858692,0.4300000000000000054817261783,0,0.3700000000000000077021722329,0.1650000000000000346597750372,0,6
257,0.6227830000000000008247480077,0.7705491810049986859439149770,0.007415142958243821940110016982,0.08611122434528394,1.002783000000000008735087058,0.05148099999999997507556942500,0.4499999999999999521216320809,0.3800000000000000495437024606,0.4320000000000000055233595417,0,0.3800000000000000079103390500,0.1600000000000000345556916286,0,6
257,0.6227830000000000008247480077,0.7704132415560520450192423303,0.007428371610740284179259083729,0.08618800154743284,1.002783000000000008735087058,0.05148099999999997507556942500,0.4499999999999999521216320809,0.3800000000000000495437024606,0.4320000000000000055233595417,0,0.3800000000000000079103390500,0.1600000000000000345556916286,0,6
257,0.6227830000000000008247480077,0.7702775519957983207139165083,0.007441539139469788747245820645,0.086264356135485,1.002783000000000008735087058,0.05148099999999997507556942500,0.4499999999999999521216320809,0.3800000000000000495437024606,0.4320000000000000055233595417,0,0.3800000000000000079103390500,0.1600000000000000345556916286,0,6
257,0.6203552142857142864885426126,0.7701398822642004474042513348,0.007455307649682787414613979542,0.08634412342297991,1.010355214285714294607048480,0.05148649999999997507601524893,0.4449999999999999520175486724,0.3750000000000000494396190520,0.4340000000000000055649929051,0,0.3900000000000000081185058671,0.1550000000000000344516082200,0,6
257,0.6203552142857142864885426126,0.77000246513761468028414518,0.007469013146965217520780932087,0.0864234525286118,1.010355214285714294607048480,0.05148649999999997507601524893,0.4449999999999999520175486724,0.3750000000000000494396190520,0.4340000000000000055649929051,0,0.3900000000000000081185058671,0.1550000000000000344516082200,0,6
257,0.6203552142857142864885426126,0.7698652999214351198865323454,0.007482655908248293010752122384,0.08650234625863217,1.010355214285714294607048480,0.05148649999999997507601524893,0.4449999999999999520175486724,0.3750000000000000494396190520,0.4340000000000000055649929051,0,0.3900000000000000081185058671,0.1550000000000000344516082200,0,6
257,0.6179274285714285721523372176,0.7697261626766091065644314341,0.007496905175434819573875482728,0.08658467055683021,1.017927428571428580479009902,0.05149199999999997507646107286,0.4399999999999999519134652639,0.3700000000000000493355356434,0.4360000000000000056066262685,0,0.4000000000000000083266726842,0.1500000000000000343475248114,0,6
257,0.6179274285714285721523372176,0.7695872800287544125713737083,0.007511089809806844568631267856,0.08666654377443954,1.017927428571428580479009902,0.05149199999999997507646107286,0.4399999999999999519134652639,0.3700000000000000493355356434,0.4360000000000000056066262685,0,0.4000000000000000083266726842,0.1500000000000000343475248114,0,6
257,0.6179274285714285721523372176,0.7694486512797074968123069473,0.007525210094195514601808303380,0.08674796881884621,1.017927428571428580479009902,0.05149199999999997507646107286,0.4399999999999999519134652639,0.3700000000000000493355356434,0.4360000000000000056066262685,0,0.4000000000000000083266726842,0.1500000000000000343475248114,0,6
257,0.6154996428571428578161318226,0.7693080585779517300187031343,0.007539942348672546246758611354,0.08683284141770639,1.025499642857142866350971324,0.05149749999999997507690689679,0.4349999999999999518093818554,0.3650000000000000492314522348,0.4380000000000000056482596319,0,0.4100000000000000085348395013,0.1450000000000000342434414028,0,6
257,0.6154996428571428578161318226,0.7691677224322210649893212262,0.007554608348975119259373659169,0.08691725000812624,1.025499642857142866350971324,0.05149749999999997507690689679,0.4349999999999999518093818554,0.3650000000000000492314522348,0.4380000000000000056482596319,0,0.4100000000000000085348395013,0.1450000000000000342434414028,0,6
257,0.6154996428571428578161318226,0.7690276421409037648916246087,0.007569208383811125978003191796,0.08700119759986713,1.025499642857142866350971324,0.05149749999999997507690689679,0.4349999999999999518093818554,0.3650000000000000492314522348,0.4380000000000000056482596319,0,0.4100000000000000085348395013,0.1450000000000000342434414028,0,6
257,0.6130718571428571434799264276,0.7688856059068436131417050292,0.007584425793574400631121818541,0.08708860886232137,1.033071857142857152222932746,0.05150299999999997507735272072,0.4299999999999999517052984469,0.3600000000000000491273688262,0.4400000000000000056898929953,0,0.4200000000000000087430063184,0.1400000000000000341393579942,0,6
257,0.6130718571428571434799264276,0.7687438281554660094386460860,0.007599575326572923046409147524,0.08717554316763919,1.033071857142857152222932746,0.05150299999999997507735272072,0.4299999999999999517052984469,0.3600000000000000491273688262,0.4400000000000000056898929953,0,0.4200000000000000087430063184,0.1400000000000000341393579942,0,6
257,0.6130718571428571434799264276,0.7686023081818181831968654317,0.007614657277367295531965799966,0.0872620036291128,1.033071857142857152222932746,0.05150299999999997507735272072,0.4299999999999999517052984469,0.3600000000000000491273688262,0.4400000000000000056898929953,0,0.4200000000000000087430063184,0.1400000000000000341393579942,0,6
257,0.6130718571428571434799264276,0.7684610452835085001453514090,0.007629671939050895394540272768,0.08734799333156369,1.033071857142857152222932746,0.05150299999999997507735272072,0.4299999999999999517052984469,0.3600000000000000491273688262,0.4400000000000000056898929953,0,0.4200000000000000087430063184,0.1400000000000000341393579942,0,6
257,0.6130718571428571434799264276,0.7683200387606948419269617311,0.007644619603258331169187678086,0.08743351533169835,1.033071857142857152222932746,0.05150299999999997507735272072,0.4299999999999999517052984469,0.3600000000000000491273688262,0.4400000000000000056898929953,0,0.4200000000000000087430063184,0.1400000000000000341393579942,0,6
257,0.6130718571428571434799264276,0.7681792879160730489093306927,0.007659500560173843076060960989,0.08751857265845829,1.033071857142857152222932746,0.05150299999999997507735272072,0.4299999999999999517052984469,0.3600000000000000491273688262,0.4400000000000000056898929953,0,0.4200000000000000087430063184,0.1400000000000000341393579942,0,6
257,0.6380718571428571438764346506,0.7680614369824016576910037941,0.007667868123857436802903175739,0.08756636411235445,1.058071857142857152619440969,0.05150299999999997507735272072,0.5549999999999999517052984469,0.3600000000000000491273688262,0.4400000000000000056898929953,-0.05000000000000000277555756156,0.4200000000000000087430063184,0.2400000000000000396904731174,0,6
257,0.6380718571428571438764346506,0.7679437993535875902576874420,0.007676192877929590533094691115,0.08761388518910453,1.058071857142857152619440969,0.05150299999999997507735272072,0.5549999999999999517052984469,0.3600000000000000491273688262,0.4400000000000000056898929953,-0.05000000000000000277555756156,0.4200000000000000087430063184,0.2400000000000000396904731174,0,6
258,0.6680718571428571454922056597,0.7678534992250064596566336610,0.007678254526409410207947001049,0.08762564993430524,1.088071857142857154235211978,0.05150299999999997507735272072,0.6049999999999999544808560085,0.3700000000000000493355356433,0.4400000000000000056898929953,-0.1000000000000000055511151231,0.4200000000000000087430063184,0.4400000000000000507927033637,0,6
258,0.6680718571428571454922056597,0.7677633622402890709356179176,0.007680296208127731694276313696,0.08763729918321154,1.088071857142857154235211978,0.05150299999999997507735272072,0.6049999999999999544808560085,0.3700000000000000493355356433,0.4400000000000000056898929953,-0.1000000000000000055511151231,0.4200000000000000087430063184,0.4400000000000000507927033637,0,6
259,0.6799297857142857176633024251,0.7676840900593089235048667303,0.007680314729538337494826598098,0.08763740485396825,1.109929785714285726614475561,0.05150849999999997507779854465,0.5999999999999999543767726000,0.3650000000000000492314522347,0.4420000000000000057315263587,0,0.4300000000000000089511731355,0.4350000000000000506886199551,0,6
259,0.6799297857142857176633024251,0.7676049608398814904968941746,0.007680320700326223473407155812,0.0876374389192554,1.109929785714285726614475561,0.05150849999999997507779854465,0.5999999999999999543767726000,0.3650000000000000492314522347,0.4420000000000000057315263587,0,0.4300000000000000089511731355,0.4350000000000000506886199551,0,6
259,0.677502000000000003327097030,0.7675237870012870026706150780,0.007680702323240258483756828914,0.08763961617465163,1.117502000000000012486436983,0.05151399999999997507824436858,0.5949999999999999542726891915,0.3600000000000000491273688261,0.4440000000000000057731597221,0,0.4400000000000000091593399526,0.4300000000000000505845365465,0,6
259,0.677502000000000003327097030,0.7674427592902147371446533156,0.007681070134093957934220857467,0.08764171457755694,1.117502000000000012486436983,0.05151399999999997507824436858,0.5949999999999999542726891915,0.3600000000000000491273688261,0.4440000000000000057731597221,0,0.4400000000000000091593399526,0.4300000000000000505845365465,0,6
259,0.677502000000000003327097030,0.7673618773124357670602850095,0.007681424205511684597676186527,0.08764373454795092,1.117502000000000012486436983,0.05151399999999997507824436858,0.5949999999999999542726891915,0.3600000000000000491273688261,0.4440000000000000057731597221,0,0.4400000000000000091593399526,0.4300000000000000505845365465,0,6
259,0.6750742142857142889908916351,0.7672789593762033129020914845,0.007682161214327219525942650360,0.08764793901927882,1.125074214285714298358398405,0.05151949999999997507869019251,0.5899999999999999541686057830,0.3550000000000000490232854175,0.4460000000000000058147930855,0,0.4500000000000000093675067697,0.4250000000000000504804531379,0,6
259,0.6750742142857142889908916351,0.7671961903052064645861927413,0.007682883204678573809550544007,0.08765205761805352,1.125074214285714298358398405,0.05151949999999997507869019251,0.5899999999999999541686057830,0.3550000000000000490232854175,0.4460000000000000058147930855,0,0.4500000000000000093675067697,0.4250000000000000504804531379,0,6
259,0.6750742142857142889908916351,0.7671135696989109559085287941,0.007683590253772921935813933483,0.08765609079677762,1.125074214285714298358398405,0.05151949999999997507869019251,0.5899999999999999541686057830,0.3550000000000000490232854175,0.4460000000000000058147930855,0,0.4500000000000000093675067697,0.4250000000000000504804531379,0,6
259,0.6726463571428571460832237176,0.7670289216589861765090437537,0.007684687456488753778845672781,0.08766234913854838,1.132646357142857155658897304,0.05152449999999997507889835933,0.5849999999999999540645223745,0.3500000000000000489192020089,0.4480000000000000058564264489,0,0.4600000000000000095756735868,0.4200000000000000503763697293,0,6
259,0.6726463571428571460832237176,0.7669444251822483707521719363,0.007685768421734477058154157570,0.08766851442641467,1.132646357142857155658897304,0.05152449999999997507889835933,0.5849999999999999540645223745,0.3500000000000000489192020089,0.4480000000000000058564264489,0,0.4600000000000000095756735868,0.4200000000000000503763697293,0,6
259,0.6726463571428571460832237176,0.7668600798619984680467435389,0.007686833231329168264443403710,0.08767458714661375,1.132646357142857155658897304,0.05152449999999997507889835933,0.5849999999999999540645223745,0.3500000000000000489192020089,0.4480000000000000058564264489,0,0.4600000000000000095756735868,0.4200000000000000503763697293,0,6
259,0.6702184285714285746040932777,0.7667737155623643573287429578,0.007688295331610287839541469072,0.08768292497179989,1.140218428571428584387933682,0.05152899999999997507886886903,0.5799999999999999539604389660,0.3450000000000000488151186003,0.4500000000000000058980598123,0,0.4700000000000000097838404039,0.4150000000000000502722863207,0,6
259,0.6702184285714285746040932777,0.7666875054846938789513102349,0.007689739963278937133381631262,0.08769116240123025,1.140218428571428584387933682,0.05152899999999997507886886903,0.5799999999999999539604389660,0.3450000000000000488151186003,0.4500000000000000058980598123,0,0.4700000000000000097838404039,0.4150000000000000502722863207,0,6
259,0.6702184285714285746040932777,0.7666014492162609928635785517,0.007691167212793070277907886288,0.0876992999561175,1.140218428571428584387933682,0.05152899999999997507886886903,0.5799999999999999539604389660,0.3450000000000000488151186003,0.4500000000000000058980598123,0,0.4700000000000000097838404039,0.4150000000000000502722863207,0,6
259,0.6677904285714285745535777583,0.7665133823529411778739974459,0.007692998812071638551834689262,0.08770974183106252,1.147790428571428584545584979,0.05153299999999997507914382270,0.5749999999999999538563555575,0.3400000000000000487110351917,0.4520000000000000059396931757,0,0.4800000000000000099920072210,0.4100000000000000501682029121,0,6
259,0.6677904285714285745535777583,0.7664254723317644079689926199,0.007694811699912717560092050307,0.08772007580886326,1.147790428571428584545584979,0.05153299999999997507914382270,0.5749999999999999538563555575,0.3400000000000000487110351917,0.4520000000000000059396931757,0,0.4800000000000000099920072210,0.4100000000000000501682029121,0,6
259,0.6653623571428571459315997166,0.7663355585282155580917351528,0.007697036589323834489277620996,0.08773275664951966,1.155362357142857156131773755,0.05153649999999997507918111925,0.5699999999999999537522721490,0.3350000000000000486069517831,0.4540000000000000059813265391,0,0.4900000000000000102001740381,0.4050000000000000500641195035,0,6
259,0.6653623571428571459315997166,0.7662458045714285728364816990,0.007699241418991167378484858257,0.08774532135100518,1.155362357142857156131773755,0.05153649999999997507918111925,0.5699999999999999537522721490,0.3350000000000000486069517831,0.4540000000000000059813265391,0,0.4900000000000000102001740381,0.4050000000000000500641195035,0,6
259,0.6653623571428571459315997166,0.7661562100355239800950031182,0.007701426285209602009883009652,0.08775777051184472,1.155362357142857156131773755,0.05153649999999997507918111925,0.5699999999999999537522721490,0.3350000000000000486069517831,0.4540000000000000059813265391,0,0.4900000000000000102001740381,0.4050000000000000500641195035,0,6
259,0.6629342857142857173096216747,0.7660646200405628103853443947,0.007704030047031287977289815752,0.08777260419419768,1.162934285714285727717962530,0.05153999999999997507921841580,0.5649999999999999536481887405,0.3300000000000000485028683745,0.4560000000000000060229599025,0,0.5000000000000000104083408552,0.4000000000000000499600360949,0,6
259,0.6629342857142857173096216747,0.7659731924392097278560219455,0.007706612481651887536250713002,0.08778731389928665,1.162934285714285727717962530,0.05153999999999997507921841580,0.5649999999999999536481887405,0.3300000000000000485028683745,0.4560000000000000060229599025,0,0.5000000000000000104083408552,0.4000000000000000499600360949,0,6
259,0.6629342857142857173096216747,0.7658819267999493877226770383,0.007709173690087184913618240585,0.08780190026467072,1.162934285714285727717962530,0.05153999999999997507921841580,0.5649999999999999536481887405,0.3300000000000000485028683745,0.4560000000000000060229599025,0,0.5000000000000000104083408552,0.4000000000000000499600360949,0,6
259,0.6605062142857142886876436329,0.7657886739570164363076017874,0.007712160612763602770435805820,0.08781890805950392,1.170506214285714299304151305,0.05154349999999997507925571235,0.5599999999999999535441053320,0.3250000000000000483987849659,0.4580000000000000060645932659,0,0.5100000000000000106165076723,0.3950000000000000498559526863,0,6
259,0.6605062142857142886876436329,0.7656955860174308464334904186,0.007715124930458164793145014412,0.08783578388366649,1.170506214285714299304151305,0.05154349999999997507925571235,0.5599999999999999535441053320,0.3250000000000000483987849659,0.4580000000000000060645932659,0,0.5100000000000000106165076723,0.3950000000000000498559526863,0,6
259,0.6605062142857142886876436329,0.7656026625441696127252343701,0.007718066748926436888833825145,0.08785252841510276,1.170506214285714299304151305,0.05154349999999997507925571235,0.5599999999999999535441053320,0.3250000000000000483987849659,0.4580000000000000060645932659,0,0.5100000000000000106165076723,0.3950000000000000498559526863,0,6
259,0.6580781428571428600656655911,0.7655077600554785034995860305,0.007721441025980677397724921771,0.08787173052797285,1.178078142857142870890340080,0.05154699999999997507929300890,0.5549999999999999534400219235,0.3200000000000000482947015573,0.4600000000000000061062266293,0,0.5200000000000000108246744894,0.3900000000000000497518692777,0,6
259,0.6580781428571428600656655911,0.7654130249433106590168400690,0.007724791410360281337473553200,0.08789079252322328,1.178078142857142870890340080,0.05154699999999997507929300890,0.5549999999999999534400219235,0.3200000000000000482947015573,0.4600000000000000061062266293,0,0.5200000000000000108246744894,0.3900000000000000497518692777,0,6
259,0.6580781428571428600656655911,0.7653184567652611719693059945,0.007728118012577683515893254840,0.08790971512055812,1.178078142857142870890340080,0.05154699999999997507929300890,0.5549999999999999534400219235,0.3200000000000000482947015573,0.4600000000000000061062266293,0,0.5200000000000000108246744894,0.3900000000000000497518692777,0,6
259,0.6556500714285714314436875493,0.7652219176936619732540545698,0.007731883744515503016422289992,0.08793113069053247,1.185650071428571442476528856,0.05155049999999997507933030545,0.5499999999999999533359385150,0.3150000000000000481906181487,0.4620000000000000061478599927,0,0.5300000000000000110328413065,0.3850000000000000496477858691,0,6
259,0.6556500714285714314436875493,0.7651255484357331337273963754,0.007735624286574808282500487904,0.08795239784437266,1.185650071428571442476528856,0.05155049999999997507933030545,0.5499999999999999533359385150,0.3150000000000000481906181487,0.4620000000000000061478599927,0,0.5300000000000000110328413065,0.3850000000000000496477858691,0,6
259,0.6556500714285714314436875493,0.7650293485438111990153720266,0.007739339754040254333157831932,0.08797351734493884,1.185650071428571442476528856,0.05155049999999997507933030545,0.5499999999999999533359385150,0.3150000000000000481906181487,0.4620000000000000061478599927,0,0.5300000000000000110328413065,0.3850000000000000496477858691,0,6
259,0.6532220000000000028217095074,0.7649311858146243586324100753,0.007743500950213499299854918639,0.08799716444416547,1.193222000000000014062717631,0.05155399999999997507936760200,0.5449999999999999532318551065,0.3100000000000000480865347401,0.4640000000000000061894933561,0,0.5400000000000000112410081236,0.3800000000000000495437024605,0,6
259,0.6532220000000000028217095074,0.7648331953007518811273129696,0.007747635650183893228682078928,0.08802065467936428,1.193222000000000014062717631,0.05155399999999997507936760200,0.5449999999999999532318551065,0.3100000000000000480865347401,0.4640000000000000061894933561,0,0.5400000000000000112410081236,0.3800000000000000495437024605,0,6
259,0.6532220000000000028217095074,0.7647353765493927646695517045,0.007751743974021985048419488298,0.08804398885796795,1.193222000000000014062717631,0.05155399999999997507936760200,0.5449999999999999532318551065,0.3100000000000000480865347401,0.4640000000000000061894933561,0,0.5400000000000000112410081236,0.3800000000000000495437024605,0,6
259,0.6507939285714285741997314657,0.7646356029522141620509266430,0.007756304554452632008672278508,0.08806988449210451,1.200793928571428585648906406,0.05155749999999997507940489855,0.5399999999999999531277716980,0.3050000000000000479824513315,0.4660000000000000062311267195,0,0.5500000000000000114491749407,0.3750000000000000494396190519,0,6
260,0.6507939285714285741997314657,0.7645360039370078754473822903,0.007760837323616250984811291399,0.08809561466733887,1.200793928571428585648906406,0.05155749999999997507940489855,0.5399999999999999531277716980,0.3050000000000000479824513315,0.4660000000000000062311267195,0,0.5500000000000000114491749407,0.3750000000000000494396190519,0,6
260,0.6507939285714285741997314657,0.7644365790459540473868511270,0.007765342406381337447898126698,0.08812118023711063,1.200793928571428585648906406,0.05155749999999997507940489855,0.5399999999999999531277716980,0.3050000000000000479824513315,0.4660000000000000062311267195,0,0.5500000000000000114491749407,0.3750000000000000494396190519,0,6
260,0.648365857142857145577753424,0.7643352072364316920140920897,0.007770306203547053361622486604,0.08814934034663591,1.208365857142857157235095182,0.05156099999999997507944219510,0.5349999999999999530236882895,0.3000000000000000478783679229,0.4680000000000000062727600829,0,0.5600000000000000116573417578,0.3700000000000000493355356433,0,6
261,0.648365857142857145577753424,0.7642340123410620807170272217,0.007775240866012575396500869986,0.08817732625801587,1.208365857142857157235095182,0.05156099999999997507944219510,0.5349999999999999530236882895,0.3000000000000000478783679229,0.4680000000000000062727600829,0,0.5600000000000000116573417578,0.3700000000000000493355356433,0,6
261,0.648365857142857145577753424,0.7641329938971229308171673492,0.007780146523454831979458439344,0.08820513887214754,1.208365857142857157235095182,0.05156099999999997507944219510,0.5349999999999999530236882895,0.3000000000000000478783679229,0.4680000000000000062727600829,0,0.5600000000000000116573417578,0.3700000000000000493355356433,0,6
261,0.648365857142857145577753424,0.7640321514435042323979692534,0.007785023304912836398256097402,0.08823277908415238,1.208365857142857157235095182,0.05156099999999997507944219510,0.5349999999999999530236882895,0.3000000000000000478783679229,0.4680000000000000062727600829,0,0.5600000000000000116573417578,0.3700000000000000493355356433,0,6
261,0.648365857142857145577753424,0.7639314845207012323224077078,0.007789871338791271446411264311,0.08826024778342327,1.208365857142857157235095182,0.05156099999999997507944219510,0.5349999999999999530236882895,0.3000000000000000478783679229,0.4680000000000000062727600829,0,0.5600000000000000116573417578,0.3700000000000000493355356433,0,6
261,0.648365857142857145577753424,0.7638309926708074548556732258,0.00779469075286405115188991978,0.08828754585367095,1.208365857142857157235095182,0.05156099999999997507944219510,0.5349999999999999530236882895,0.3000000000000000478783679229,0.4680000000000000062727600829,0,0.5600000000000000116573417578,0.3700000000000000493355356433,0,6
262,0.6640801428571428606862222724,0.7637443281618468426974026342,0.007796548493159087052852345931,0.08829806619150324,1.224080142857142872343564030,0.001560999999999972303884633537,0.5349999999999999530236882895,0.5000000000000000589805981692,0.4680000000000000062727600829,-0.05000000000000000277555756156,0.5600000000000000116573417578,0.3800000000000000495437024604,0,6
262,0.6640801428571428606862222724,0.7636578141121031760463512624,0.007798388045346067836545164299,0.08830848229556472,1.224080142857142872343564030,0.001560999999999972303884633537,0.5349999999999999530236882895,0.5000000000000000589805981692,0.4680000000000000062727600829,-0.05000000000000000277555756156,0.5600000000000000116573417578,0.3800000000000000495437024604,0,6
262,0.6687949285714285753178953111,0.7635755392764217583527446224,0.007799415778321146241166360796,0.08831430109739388,1.238794928571428587183403886,0.001564499999999972303921930092,0.5299999999999999529196048810,0.4950000000000000588765147606,0.4700000000000000063143934463,0,0.5700000000000000118655085749,0.3750000000000000494396190518,0,6
264,0.6687949285714285753178953111,0.7634934070314434280381563647,0.007800428244564058503549769,0.0883200330874262,1.238794928571428587183403886,0.001564499999999972303921930092,0.5299999999999999529196048810,0.4950000000000000588765147606,0.4700000000000000063143934463,0,0.5700000000000000118655085749,0.3750000000000000494396190518,0,6
264,0.6687949285714285753178953111,0.7634114170068027225379656625,0.007801425518710618876915930835,0.08832567870506638,1.238794928571428587183403886,0.001564499999999972303921930092,0.5299999999999999529196048810,0.4950000000000000588765147606,0.4700000000000000063143934463,0,0.5700000000000000118655085749,0.3750000000000000494396190518,0,6
264,0.6663668571428571466959172691,0.7633274684256055377837770394,0.007802809545199904011622957131,0.08833351314874725,1.246366857142857158769592661,0.001567999999999972303959226647,0.5249999999999999528155214725,0.4900000000000000587724313520,0.4720000000000000063560268097,0,0.5800000000000000120736753920,0.3700000000000000493355356432,0,6
264,0.6663668571428571466959172691,0.7632436649586368702028886558,0.007804177139277151734450329698,0.08834125389237552,1.246366857142857158769592661,0.001567999999999972303959226647,0.5249999999999999528155214725,0.4900000000000000587724313520,0.4720000000000000063560268097,0,0.5800000000000000120736753920,0.3700000000000000493355356432,0,6
264,0.6663668571428571466959172691,0.7631600062299531226005510294,0.007805528379839258501997143714,0.08834890140708744,1.246366857142857158769592661,0.001567999999999972303959226647,0.5249999999999999528155214725,0.4900000000000000587724313520,0.4720000000000000063560268097,0,0.5800000000000000120736753920,0.3700000000000000493355356432,0,6
264,0.6639387857142857180739392274,0.7630743968938740307933667223,0.007807273281499406264507975337,0.0883587759167102,1.253938785714285730355781436,0.001571499999999972303996523202,0.5199999999999999527114380640,0.4850000000000000586683479434,0.4740000000000000063976601731,0,0.5900000000000000122818422091,0.3650000000000000492314522346,0,6
264,0.6639387857142857180739392274,0.7629889351600985236272292847,0.007809000573588835958099840766,0.08836854968589694,1.253938785714285730355781436,0.001571499999999972303996523202,0.5199999999999999527114380640,0.4850000000000000586683479434,0.4740000000000000063976601731,0,0.5900000000000000122818422091,0.3650000000000000492314522346,0,6
264,0.6639387857142857180739392274,0.7629036206472252998498362700,0.007810710339290571653704697419,0.08837822321867854,1.253938785714285730355781436,0.001571499999999972303996523202,0.5199999999999999527114380640,0.4850000000000000586683479434,0.4740000000000000063976601731,0,0.5900000000000000122818422091,0.3650000000000000492314522346,0,6
264,0.6615107142857142894519611857,0.7628163634128350149871874963,0.007812820601085560229062570851,0.08839016122332598,1.261510714285714301941970212,0.001574999999999972304033819757,0.5149999999999999526073546555,0.4800000000000000585642645348,0.4760000000000000064392935365,0,0.6000000000000000124900090262,0.3600000000000000491273688260,0,6
264,0.6615107142857142894519611857,0.7627292562338779034433051005,0.007814912065086442943546606709,0.0884019912959343,1.261510714285714301941970212,0.001574999999999972304033819757,0.5149999999999999526073546555,0.4800000000000000585642645348,0.4760000000000000064392935365,0,0.6000000000000000124900090262,0.3600000000000000491273688260,0,6
264,0.6615107142857142894519611857,0.7626422987236131580704603034,0.007816984818785612553236127523,0.0884137139746183,1.261510714285714301941970212,0.001574999999999972304033819757,0.5149999999999999526073546555,0.4800000000000000585642645348,0.4760000000000000064392935365,0,0.6000000000000000124900090262,0.3600000000000000491273688260,0,6
264,0.6590826428571428608299831437,0.7625534063151440848539448724,0.007819464830864407427799145115,0.08842773790425947,1.269082642857142873528158987,0.001578499999999972304071116312,0.5099999999999999525032712470,0.4750000000000000584601811262,0.4780000000000000064809268999,0,0.6100000000000000126981758433,0.3550000000000000490232854174,0,6
265,0.6590826428571428608299831437,0.7624646663807890237698762945,0.007821924846264904272711867003,0.08844164656011841,1.269082642857142873528158987,0.001578499999999972304071116312,0.5099999999999999525032712470,0.4750000000000000584601811262,0.4780000000000000064809268999,0,0.6100000000000000126981758433,0.3550000000000000490232854174,0,6
265,0.6590826428571428608299831437,0.7623760785285836714451634469,0.007824364956810358580024098166,0.08845544051560852,1.269082642857142873528158987,0.001578499999999972304071116312,0.5099999999999999525032712470,0.4750000000000000584601811262,0.4780000000000000064809268999,0,0.6100000000000000126981758433,0.3550000000000000490232854174,0,6
265,0.6566545714285714322080051021,0.7622855635396281815143097154,0.007827219016345937154191349913,0.08847157179764546,1.276654571428571445114347762,0.001581999999999972304108412867,0.5049999999999999523991878385,0.4700000000000000583560977176,0.4800000000000000065225602633,0,0.6200000000000000129063426604,0.3500000000000000489192020088,0,6
268,0.6566545714285714322080051021,0.7621952034095075170581024403,0.007830051870052172784250838262,0.0884875803152746,1.276654571428571445114347762,0.001581999999999972304108412867,0.5049999999999999523991878385,0.4700000000000000583560977176,0.4800000000000000065225602633,0,0.6200000000000000129063426604,0.3500000000000000489192020088,0,6
268,0.6566545714285714322080051021,0.7621049977411477426266066306,0.007832863614102986385529259331,0.08850346667844704,1.276654571428571445114347762,0.001581999999999972304108412867,0.5049999999999999523991878385,0.4700000000000000583560977176,0.4800000000000000065225602633,0,0.6200000000000000129063426604,0.3500000000000000489192020088,0,6
268,0.6566545714285714322080051021,0.7620149461388312812171970648,0.007835654344201178850752593048,0.08851923149350754,1.276654571428571445114347762,0.001581999999999972304108412867,0.5049999999999999523991878385,0.4700000000000000583560977176,0.4800000000000000065225602633,0,0.6200000000000000129063426604,0.3500000000000000489192020088,0,6
268,0.6566545714285714322080051021,0.7619250482081911277624110648,0.007838424155581048535613539358,0.08853487536322084,1.276654571428571445114347762,0.001581999999999972304108412867,0.5049999999999999523991878385,0.4700000000000000583560977176,0.4800000000000000065225602633,0,0.6200000000000000129063426604,0.3500000000000000489192020088,0,6
270,0.6230831428571428579741379953,0.7618066834124954344377833810,0.007848147767301962007466154945,0.08858977236285215,0.6230831428571428579741379953,0.001581999999999972304108412867,0.5299999999999999468480727153,0.4100000000000000553723733389,0.4800000000000000065225602633,-0.1000000000000000055511151231,0,0.2500000000000000433680868857,0,7
270,0.6230831428571428579741379953,0.7616885202604039927201823202,0.007857826900928706888536853355,0.08864438448615178,0.6230831428571428579741379953,0.001581999999999972304108412867,0.5299999999999999468480727153,0.4100000000000000553723733389,0.4800000000000000065225602633,-0.1000000000000000055511151231,0,0.2500000000000000433680868857,0,7
270,0.6349407857142857158594621137,0.7615806498480243175909391540,0.007864788456917543540280681435,0.088683642555533,0.6449407857142857160676289308,0.001585499999999972304145709422,0.5249999999999999467439893068,0.4050000000000000552682899303,0.4820000000000000065641936267,0,0.01000000000000000020816681712,0.2450000000000000432640034771,0,7
273,0.6349407857142857158594621137,0.7614729628887269208207593266,0.007871714990423994761653692767,0.08872268588373548,0.6449407857142857160676289308,0.001585499999999972304145709422,0.5249999999999999467439893068,0.4050000000000000552682899303,0.4820000000000000065641936267,0,0.01000000000000000020816681712,0.2450000000000000432640034771,0,7
273,0.6349407857142857158594621137,0.7613654589149168603237658710,0.007878606649730249976559070753,0.08876151558941663,0.6449407857142857160676289308,0.001585499999999972304145709422,0.5249999999999999467439893068,0.4050000000000000552682899303,0.4820000000000000065641936267,0,0.01000000000000000020816681712,0.2450000000000000432640034771,0,7
273,0.632512714285714287237484072,0.7612560762794081993958488237,0.007885988862470240689737238669,0.08880309038806161,0.6525127142857142876538177062,0.001588999999999972304183005977,0.5199999999999999466399058983,0.4000000000000000551642065217,0.4840000000000000066058269901,0,0.02000000000000000041633363424,0.2400000000000000431599200685,0,7
274,0.632512714285714287237484072,0.7611468791954440824220079715,0.007893334714480039942898202177,0.08884444110061157,0.6525127142857142876538177062,0.001588999999999972304183005977,0.5199999999999999466399058983,0.4000000000000000551642065217,0.4840000000000000066058269901,0,0.02000000000000000041633363424,0.2400000000000000431599200685,0,7
274,0.632512714285714287237484072,0.7610378671912832944599871886,0.007900644358729972022115727302,0.08888556890029997,0.6525127142857142876538177062,0.001588999999999972304183005977,0.5199999999999999466399058983,0.4000000000000000551642065217,0.4840000000000000066058269901,0,0.02000000000000000041633363424,0.2400000000000000431599200685,0,7
274,0.6300847142857142871869685526,0.7609269839119390361981133371,0.007908450501966391771056615607,0.08892946925494603,0.6600847142857142878114690040,0.001592999999999972304457959648,0.5149999999999999465358224898,0.3950000000000000550601231131,0.4860000000000000066474603535,0,0.03000000000000000062450045136,0.2350000000000000430558366599,0,7
274,0.6300847142857142871869685526,0.7608162882523567817573255666,0.007916218940147296446057457029,0.08897313605885372,0.6600847142857142878114690040,0.001592999999999972304457959648,0.5149999999999999465358224898,0.3950000000000000550601231131,0.4860000000000000066474603535,0,0.03000000000000000062450045136,0.2350000000000000430558366599,0,7
274,0.6300847142857142871869685526,0.7607057797367467711955585700,0.007923949830932939400900202455,0.08901657054129271,0.6600847142857142878114690040,0.001592999999999972304457959648,0.5149999999999999465358224898,0.3950000000000000550601231131,0.4860000000000000066474603535,0,0.03000000000000000062450045136,0.2350000000000000430558366599,0,7
274,0.6276567857142857157078381129,0.7605934072755791520608561034,0.007932183104177194137007168391,0.08906280426854521,0.6676567857142857165405053814,0.001597499999999972304428469349,0.5099999999999999464317390813,0.3900000000000000549560397045,0.4880000000000000066890937169,0,0.04000000000000000083266726848,0.2300000000000000429517532513,0,7
274,0.6276567857142857157078381129,0.7604812244725738411441025017,0.007940377322259284464977028608,0.08910879486481278,0.6676567857142857165405053814,0.001597499999999972304428469349,0.5099999999999999464317390813,0.3900000000000000549560397045,0.4880000000000000066890937169,0,0.04000000000000000083266726848,0.2300000000000000429517532513,0,7
274,0.6276567857142857157078381129,0.7603692308479884380029252130,0.007948532647530032163889991028,0.08915454361685686,0.6676567857142857165405053814,0.001597499999999972304428469349,0.5099999999999999464317390813,0.3900000000000000549560397045,0.4880000000000000066890937169,0,0.04000000000000000083266726848,0.2300000000000000429517532513,0,7
274,0.6252289285714285728001701954,0.7602553805512095333144645938,0.007957196177510418062379724266,0.08920311753246306,0.6752289285714285738410042810,0.001602499999999972304636636166,0.5049999999999999463276556728,0.3850000000000000548519562959,0.4900000000000000067307270803,0,0.05000000000000000104083408560,0.2250000000000000428476698427,0,7
274,0.6252289285714285728001701954,0.7601417219215969230783414503,0.007965819296729302583737214982,0.08925143862554431,0.6752289285714285738410042810,0.001602499999999972304636636166,0.5049999999999999463276556728,0.3850000000000000548519562959,0.4900000000000000067307270803,0,0.05000000000000000104083408560,0.2250000000000000428476698427,0,7
274,0.6228011428571428584639648001,0.7600262126036285008204656079,0.007974957144054953169551566447,0.08930261554990959,0.6828011428571428597129657028,0.001607999999999972305082460099,0.4999999999999999462235722643,0.3800000000000000547478728873,0.4920000000000000067723604437,0,0.06000000000000000124900090272,0.2200000000000000427435864341,0,7
276,0.6228011428571428584639648001,0.7599108974189675885159643467,0.007984053049644826164680295514,0.08935352846779374,0.6828011428571428597129657028,0.001607999999999972305082460099,0.4999999999999999462235722643,0.3800000000000000547478728873,0.4920000000000000067723604437,0,0.06000000000000000124900090272,0.2200000000000000427435864341,0,7
276,0.6228011428571428584639648001,0.7597957758786134115805722396,0.007993107186023535286363598599,0.08940417879508505,0.6828011428571428597129657028,0.001607999999999972305082460099,0.4999999999999999462235722643,0.3800000000000000547478728873,0.4920000000000000067723604437,0,0.06000000000000000124900090272,0.2200000000000000427435864341,0,7
276,0.6203733571428571441277594054,0.7596788107622243543092192087,0.008002681768424604190451351185,0.08945770938507538,0.6903733571428571455849271252,0.001613499999999972305528284032,0.4949999999999999461194888558,0.3750000000000000546437894787,0.4940000000000000068139938071,0,0.07000000000000000145716771984,0.2150000000000000426395030255,0,7
277,0.6203733571428571441277594054,0.7595620417315291596653118661,0.008012213040972047793516466315,0.08951096603753111,0.6903733571428571455849271252,0.001613499999999972305528284032,0.4949999999999999461194888558,0.3750000000000000546437894787,0.4940000000000000068139938071,0,0.07000000000000000145716771984,0.2150000000000000426395030255,0,7
277,0.6203733571428571441277594054,0.7594454682938502048784294939,0.008021701180887476705274570424,0.08956395023047764,0.6903733571428571455849271252,0.001613499999999972305528284032,0.4949999999999999461194888558,0.3750000000000000546437894787,0.4940000000000000068139938071,0,0.07000000000000000145716771984,0.2150000000000000426395030255,0,7
277,0.6179455714285714297915540101,0.7593270583383144067402814809,0.008031715426627997498613907147,0.08961983835417243,0.6979455714285714314568885471,0.001618999999999972305974107965,0.4899999999999999460154054473,0.3700000000000000545397060701,0.4960000000000000068556271705,0,0.08000000000000000166533453696,0.2100000000000000425354196169,0,7
278,0.6179455714285714297915540101,0.7592088463927376985655751870,0.008041684989694028976076923102,0.08967544251183837,0.6979455714285714314568885471,0.001618999999999972305974107965,0.4899999999999999460154054473,0.3700000000000000545397060701,0.4960000000000000068556271705,0,0.08000000000000000166533453696,0.2100000000000000425354196169,0,7
278,0.6179455714285714297915540101,0.7590908319608545187253295553,0.008051610052000655576970465381,0.08973076424504951,0.6979455714285714314568885471,0.001618999999999972305974107965,0.4899999999999999460154054473,0.3700000000000000545397060701,0.4960000000000000068556271705,0,0.08000000000000000166533453696,0.2100000000000000425354196169,0,7
278,0.6155177857142857154553486151,0.7589709880157405213937185528,0.008062066822617134260488161624,0.08978901281680923,0.7055177857142857173288499692,0.001624499999999972306419931898,0.4849999999999999459113220388,0.3650000000000000544356226615,0.4980000000000000068972605339,0,0.09000000000000000187350135408,0.2050000000000000424313362083,0,7
279,0.6155177857142857154553486151,0.7588513439771237951168725395,0.008072477533294089443207213346,0.08984696730159616,0.7055177857142857173288499692,0.001624499999999972306419931898,0.4849999999999999459113220388,0.3650000000000000544356226615,0.4980000000000000068972605339,0,0.09000000000000000187350135408,0.2050000000000000424313362083,0,7
279,0.6155177857142857154553486151,0.7587318993452380967171546029,0.0080828423706355938192157037,0.08990462930592391,0.7055177857142857173288499692,0.001624499999999972306419931898,0.4849999999999999459113220388,0.3650000000000000544356226615,0.4980000000000000068972605339,0,0.09000000000000000187350135408,0.2050000000000000424313362083,0,7
279,0.6130900000000000011191432203,0.7586106321517782814835176242,0.008093744462235275395209721060,0.08996524029999184,0.7130900000000000032008113915,0.001629999999999972306865755831,0.4799999999999999458072386303,0.3600000000000000543315392529,0.5000000000000000069388938973,0,0.1000000000000000020816681712,0.2000000000000000423272527997,0,7
281,0.6130900000000000011191432203,0.7584895667340147388209848668,0.008104599112438440062216768597,0.09002554699882939,0.7130900000000000032008113915,0.001629999999999972306865755831,0.4799999999999999458072386303,0.3600000000000000543315392529,0.5000000000000000069388938973,0,0.1000000000000000020816681712,0.2000000000000000423272527997,0,7
281,0.6130900000000000011191432203,0.7583687025887661812667854972,0.008115406512532734939316622399,0.09008555107525698,0.7130900000000000032008113915,0.001629999999999972306865755831,0.4799999999999999458072386303,0.3600000000000000543315392529,0.5000000000000000069388938973,0,0.1000000000000000020816681712,0.2000000000000000423272527997,0,7
281,0.6106622142857142867829378251,0.7582460227812055069358188463,0.008126756657065543154854539321,0.09014852554016368,0.7206622142857142890727728134,0.001635499999999972307311579764,0.4749999999999999457031552218,0.3550000000000000542274558443,0.5020000000000000069805272607,0,0.1100000000000000022898349883,0.1950000000000000422231693911,0,7
282,0.6106622142857142867829378251,0.7581235465915826926452355425,0.008138057974798618844505197414,0.09021118541953996,0.7206622142857142890727728134,0.001635499999999972307311579764,0.4749999999999999457031552218,0.3550000000000000542274558443,0.5020000000000000069805272607,0,0.1100000000000000022898349883,0.1950000000000000422231693911,0,7
282,0.6106622142857142867829378251,0.7580012735133854551611042840,0.008149310661696874709868272180,0.09027353245385313,0.7206622142857142890727728134,0.001635499999999972307311579764,0.4749999999999999457031552218,0.3550000000000000542274558443,0.5020000000000000069805272607,0,0.1100000000000000022898349883,0.1950000000000000422231693911,0,7
282,0.6082344285714285724467324303,0.7578771916203100973460965194,0.008161111528201602818554029769,0.09033887052759516,0.7282344285714285749447342357,0.001640999999999972307757403697,0.4699999999999999455990718133,0.3500000000000000541233724357,0.5040000000000000070221606241,0,0.1200000000000000024980018054,0.1900000000000000421190859825,0,7
282,0.6082344285714285724467324303,0.7577533151608325464148884365,0.008172862178796580835699912539,0.0904038836488598,0.7282344285714285749447342357,0.001640999999999972307757403697,0.4699999999999999455990718133,0.3500000000000000541233724357,0.5040000000000000070221606241,0,0.1200000000000000024980018054,0.1900000000000000421190859825,0,7
282,0.6082344285714285724467324303,0.7576296436251920137647907061,0.008184562814116815447707268200,0.09046857362707127,0.7282344285714285749447342357,0.001640999999999972307757403697,0.4699999999999999455990718133,0.3500000000000000541233724357,0.5040000000000000070221606241,0,0.1200000000000000024980018054,0.1900000000000000421190859825,0,7
282,0.6058066428571428581105270351,0.7575041700708382541320185874,0.008196817009942132009536565943,0.09053627455303279,0.7358066428571428608166956576,0.001646499999999972308203227630,0.4649999999999999454949884048,0.3450000000000000540192890271,0.5060000000000000070637939875,0,0.1300000000000000027061686225,0.1850000000000000420150025739,0,7
283,0.6058066428571428581105270351,0.7573789037395304957538010056,0.008209019597274135680582293107,0.09060364008843208,0.7358066428571428608166956576,0.001646499999999972308203227630,0.4649999999999999454949884048,0.3450000000000000540192890271,0.5060000000000000070637939875,0,0.1300000000000000027061686225,0.1850000000000000420150025739,0,7
283,0.6058066428571428581105270351,0.7572538441183404069438643109,0.008221170781409924080537228221,0.09067067211292704,0.7358066428571428608166956576,0.001646499999999972308203227630,0.4649999999999999454949884048,0.3450000000000000540192890271,0.5060000000000000070637939875,0,0.1300000000000000027061686225,0.1850000000000000420150025739,0,7
283,0.603378857142857143774321640,0.7571269892238841140640872765,0.008233880853410744353062677580,0.09074073425651097,0.7433788571428571466886570796,0.001651999999999972308649051563,0.4599999999999999453909049963,0.3400000000000000539152056185,0.5080000000000000071054273509,0,0.1400000000000000029143354396,0.1800000000000000419109191653,0,7
283,0.603378857142857143774321640,0.7570003433160743719139309621,0.008246537921088386220980434687,0.09081045050592132,0.7433788571428571466886570796,0.001651999999999972308649051563,0.4599999999999999453909049963,0.3400000000000000539152056185,0.5080000000000000071054273509,0,0.1400000000000000029143354396,0.1800000000000000419109191653,0,7
283,0.603378857142857143774321640,0.7568739058788947692570259338,0.008259142194393234105447363399,0.09087982281229005,0.7433788571428571466886570796,0.001651999999999972308649051563,0.4599999999999999453909049963,0.3400000000000000539152056185,0.5080000000000000071054273509,0,0.1400000000000000029143354396,0.1800000000000000419109191653,0,7
283,0.6009510714285714294381162451,0.7567456798637218059841485410,0.008272310630102994462975316916,0.09095224367822376,0.7509510714285714325606185018,0.001657499999999972309094875496,0.4549999999999999452868215878,0.3350000000000000538111222099,0.5100000000000000071470607143,0,0.1500000000000000031225022567,0.1750000000000000418068357567,0,7
283,0.6009510714285714294381162451,0.7566176645733067276139381611,0.008285424662634782101484529417,0.09102430808654786,0.7509510714285714325606185018,0.001657499999999972309094875496,0.4549999999999999452868215878,0.3350000000000000538111222099,0.5100000000000000071470607143,0,0.1500000000000000031225022567,0.1750000000000000418068357567,0,7
283,0.6009510714285714294381162451,0.7564898594886230368929399493,0.008298484506582692504098709836,0.09109601806106946,0.7509510714285714325606185018,0.001657499999999972309094875496,0.4549999999999999452868215878,0.3350000000000000538111222099,0.5100000000000000071470607143,0,0.1500000000000000031225022567,0.1750000000000000418068357567,0,7
283,0.598523285714285715101910850,0.7563602724715809226010687194,0.008312113735362052545277725972,0.0911707943113476,0.7585232857142857184325799238,0.001662999999999972309540699429,0.4499999999999999451827381793,0.3300000000000000537070388013,0.5120000000000000071886940777,0,0.1600000000000000033306690738,0.1700000000000000417027523481,0,7
284,0.598523285714285715101910850,0.7562308978922716642342661310,0.008325687159299363995688247049,0.09124520348653602,0.7585232857142857184325799238,0.001662999999999972309540699429,0.4499999999999999451827381793,0.3300000000000000537070388013,0.5120000000000000071886940777,0,0.1600000000000000033306690738,0.1700000000000000417027523481,0,7
284,0.598523285714285715101910850,0.7561017352287352302054927032,0.008339204997622114651402103776,0.09131924768427582,0.7585232857142857184325799238,0.001662999999999972309540699429,0.4499999999999999451827381793,0.3300000000000000537070388013,0.5120000000000000071886940777,0,0.1600000000000000033306690738,0.1700000000000000417027523481,0,7
284,0.598523285714285715101910850,0.7559727839607201324026256149,0.008352667468571731541743485057,0.0913929289856263,0.7585232857142857184325799238,0.001662999999999972309540699429,0.4499999999999999451827381793,0.3300000000000000537070388013,0.5120000000000000071886940777,0,0.1600000000000000033306690738,0.1700000000000000417027523481,0,7
284,0.598523285714285715101910850,0.7558440435696764411374574098,0.008366074789408708443862318577,0.09146624945524283,0.7585232857142857184325799238,0.001662999999999972309540699429,0.4499999999999999451827381793,0.3300000000000000537070388013,0.5120000000000000071886940777,0,0.1600000000000000033306690738,0.1700000000000000417027523481,0,7
284,0.598523285714285715101910850,0.7557155135387488343351407868,0.008379427176417702895511953391,0.09153921114155236,0.7585232857142857184325799238,0.001662999999999972309540699429,0.4499999999999999451827381793,0.3300000000000000537070388013,0.5120000000000000071886940777,0,0.1600000000000000033306690738,0.1700000000000000417027523481,0,7
284,0.6285232857142857167176818589,0.7556116831486880481166775550,0.008385771693630786077711394776,0.09157385922647787,0.7885232857142857200483509327,0.001662999999999972309540699429,0.4999999999999999479582957409,0.3400000000000000539152056184,0.5120000000000000071886940777,-0.05000000000000000277555756156,0.1600000000000000033306690738,0.3700000000000000528049825944,0,7
284,0.6332383571428571456351275444,0.7555118680377534388976877100,0.008391126538470046711030752969,0.09160309240669796,0.8032383571428571491739634353,0.001668499999999972309986523362,0.4949999999999999478542123324,0.3350000000000000538111222098,0.5140000000000000072303274411,0,0.1700000000000000035388358909,0.3650000000000000527008991858,0,7
284,0.6332383571428571456351275444,0.7554122156246361640050531866,0.008396452801842382261378343553,0.09163216030326024,0.8032383571428571491739634353,0.001668499999999972309986523362,0.4949999999999999478542123324,0.3350000000000000538111222098,0.5140000000000000072303274411,0,0.1700000000000000035388358909,0.3650000000000000527008991858,0,7
284,0.6308105714285714312989221493,0.7553107484876686845810253926,0.008402237688883020847477517419,0.09166372067990161,0.8108105714285714350459248573,0.001673999999999972310432347295,0.4899999999999999477501289239,0.3300000000000000537070388012,0.5160000000000000072719608045,0,0.1800000000000000037470027080,0.3600000000000000525968157772,0,7
284,0.6308105714285714312989221493,0.7552094464721608755873052109,0.008407992646102896811527251009,0.09169510699106521,0.8108105714285714350459248573,0.001673999999999972310432347295,0.4899999999999999477501289239,0.3300000000000000537070388012,0.5160000000000000072719608045,0,0.1800000000000000037470027080,0.3600000000000000525968157772,0,7
284,0.6283827857142857169627167544,0.7551063353658536600111876593,0.008414212861867279339111379268,0.0917290186465945,0.8183827857142857209178862795,0.001679499999999972310878171228,0.4849999999999999476460455154,0.3250000000000000536029553926,0.5180000000000000073135941679,0,0.1900000000000000039551695251,0.3550000000000000524927323686,0,7
285,0.6283827857142857169627167544,0.7550033917836834179778420290,0.008420401785522449375326479691,0.09176274726446702,0.8183827857142857209178862795,0.001679499999999972310878171228,0.4849999999999999476460455154,0.3250000000000000536029553926,0.5180000000000000073135941679,0,0.1900000000000000039551695251,0.3550000000000000524927323686,0,7
285,0.6259549285714285740550488369,0.7548986446544526916434891124,0.008427062564850190514214885065,0.09179903357252836,0.8259549285714285782183851791,0.001684499999999972311086338045,0.4799999999999999475419621069,0.3200000000000000534988719840,0.5200000000000000073552275313,0,0.2000000000000000041633363422,0.3500000000000000523886489600,0,7
285,0.6259549285714285740550488369,0.7547940674313521043623954869,0.008433690676072669400676105199,0.09183512768038529,0.8259549285714285782183851791,0.001684499999999972311086338045,0.4799999999999999475419621069,0.3200000000000000534988719840,0.5200000000000000073552275313,0,0.2000000000000000041633363422,0.3500000000000000523886489600,0,7
285,0.6235270714285714311473809191,0.7546876922319981491977155723,0.008440797173457975417023684254,0.09187381114037871,0.8335270714285714355188840784,0.001689499999999972311294504862,0.4749999999999999474378786984,0.3150000000000000533947885754,0.5220000000000000073968608947,0,0.2100000000000000043715031593,0.3450000000000000522845655514,0,7
287,0.6235270714285714311473809191,0.7545814893001735121790513337,0.008447869613352879481407369401,0.09191229304806228,0.8335270714285714355188840784,0.001689499999999972311294504862,0.4749999999999999474378786984,0.3150000000000000533947885754,0.5220000000000000073968608947,0,0.2100000000000000043715031593,0.3450000000000000522845655514,0,7
287,0.6235270714285714311473809191,0.7544754582177531221458541893,0.008454908133085352179251545761,0.0919505744032377,0.8335270714285714355188840784,0.001689499999999972311294504862,0.4749999999999999474378786984,0.3150000000000000533947885754,0.5220000000000000073968608947,0,0.2100000000000000043715031593,0.3450000000000000522845655514,0,7
287,0.621099214285714288239713002,0.7543676358701928643981531859,0.008462430820278992408086057316,0.09199147145403748,0.8410992142857142928193829784,0.001694499999999972311502671679,0.4699999999999999473337952899,0.3100000000000000532907051668,0.5240000000000000074384942581,0,0.2200000000000000045796699764,0.3400000000000000521804821428,0,7
287,0.621099214285714288239713002,0.7542599877105931240296891793,0.008469918187612460037474346939,0.09203215844264688,0.8410992142857142928193829784,0.001694499999999972311502671679,0.4699999999999999473337952899,0.3100000000000000532907051668,0.5240000000000000074384942581,0,0.2200000000000000045796699764,0.3400000000000000521804821428,0,7
287,0.621099214285714288239713002,0.7541525133171912847756214019,0.008477370376632272125793107893,0.09207263641621365,0.8410992142857142928193829784,0.001694499999999972311502671679,0.4699999999999999473337952899,0.3100000000000000532907051668,0.5240000000000000074384942581,0,0.2200000000000000045796699764,0.3400000000000000521804821428,0,7
287,0.621099214285714288239713002,0.7540452122695852549397053468,0.008484787528247832731451799452,0.09211290641515896,0.8410992142857142928193829784,0.001694499999999972311502671679,0.4699999999999999473337952899,0.3100000000000000532907051668,0.5240000000000000074384942581,0,0.2200000000000000045796699764,0.3400000000000000521804821428,0,7
287,0.621099214285714288239713002,0.7539380841487279858287464488,0.008492169782734726249624088977,0.09215296947323362,0.8410992142857142928193829784,0.001694499999999972311502671679,0.4699999999999999473337952899,0.3100000000000000532907051668,0.5240000000000000074384942581,0,0.2200000000000000045796699764,0.3400000000000000521804821428,0,7
287,0.6186714285714285739035076069,0.7538291737980216255937019731,0.008500040512454534551234355113,0.09219566428229982,0.8486714285714285786913444004,0.001699999999999972311948495612,0.4649999999999999472297118814,0.3050000000000000531866217582,0.5260000000000000074801276215,0,0.2300000000000000047878367935,0.3350000000000000520763987342,0,7
287,0.6186714285714285739035076069,0.7537204386852085981989391458,0.008507874940950316791571812470,0.09223814254932888,0.8486714285714285786913444004,0.001699999999999972311948495612,0.4649999999999999472297118814,0.3050000000000000531866217582,0.5260000000000000074801276215,0,0.2300000000000000047878367935,0.3350000000000000520763987342,0,7
287,0.6186714285714285739035076069,0.7536118783876894824237820465,0.008515673212699243248057710844,0.09228040535617105,0.8486714285714285786913444004,0.001699999999999972311948495612,0.4649999999999999472297118814,0.3050000000000000531866217582,0.5260000000000000074801276215,0,0.2300000000000000047878367935,0.3350000000000000520763987342,0,7
287,0.6162436428571428595673022119,0.7535015424555364329275117815,0.008523965628594394611446519382,0.09232532495796804,0.8562436428571428645633058225,0.001705499999999972312394319545,0.4599999999999999471256284729,0.3000000000000000530825383496,0.5280000000000000075217609849,0,0.2400000000000000049960036106,0.3300000000000000519723153256,0,7
287,0.6162436428571428595673022119,0.7533913836276083481976881783,0.008532220473835043413219775249,0.0923700193452131,0.8562436428571428645633058225,0.001705499999999972312394319545,0.4599999999999999471256284729,0.3000000000000000530825383496,0.5280000000000000075217609849,0,0.2400000000000000049960036106,0.3300000000000000519723153256,0,7
287,0.6162436428571428595673022119,0.7532814014778325138042395929,0.008540437897102042096646307787,0.0924144896490915,0.8562436428571428645633058225,0.001705499999999972312394319545,0.4599999999999999471256284729,0.3000000000000000530825383496,0.5280000000000000075217609849,0,0.2400000000000000049960036106,0.3300000000000000519723153256,0,7
287,0.6138158571428571452310968169,0.7531696502403846168742931643,0.008549155077994322908427737284,0.09246164111670484,0.8638158571428571504352672446,0.001710999999999972312840143478,0.4549999999999999470215450644,0.2950000000000000529784549410,0.5300000000000000075633943483,0,0.2500000000000000052041704277,0.3250000000000000518682319170,0,7
287,0.6138158571428571452310968169,0.7530580779480727453997990118,0.008557833413444102006291780008,0.09250855859564618,0.8638158571428571504352672446,0.001710999999999972312840143478,0.4549999999999999470215450644,0.2950000000000000529784549410,0.5300000000000000075633943483,0,0.2500000000000000052041704277,0.3250000000000000518682319170,0,7
287,0.6138158571428571452310968169,0.75294668417142857291966405,0.008566473056337070134068009336,0.09255524326766729,0.8638158571428571504352672446,0.001710999999999972312840143478,0.4549999999999999470215450644,0.2950000000000000529784549410,0.5300000000000000075633943483,0,0.2500000000000000052041704277,0.3250000000000000518682319170,0,7
287,0.6113880714285714308948914216,0.7528335278063263689692045994,0.008575618015628496436988054708,0.09260463279787085,0.8713880714285714363072286664,0.001716499999999972313285967411,0.4499999999999999469174616559,0.2900000000000000528743715324,0.5320000000000000076050277117,0,0.2600000000000000054123372448,0.3200000000000000517641485084,0,7
287,0.6113880714285714308948914216,0.7527205522021907819579631351,0.008584722849578973263733236789,0.0926537794673211,0.8713880714285714363072286664,0.001716499999999972313285967411,0.4499999999999999469174616559,0.2900000000000000528743715324,0.5320000000000000076050277117,0,0.2600000000000000054123372448,0.3200000000000000517641485084,0,7
287,0.6113880714285714308948914216,0.7526077569262341823162527825,0.008593787715279276381026014828,0.09270268450956141,0.8713880714285714363072286664,0.001716499999999972313285967411,0.4499999999999999469174616559,0.2900000000000000528743715324,0.5320000000000000076050277117,0,0.2600000000000000054123372448,0.3200000000000000517641485084,0,7
287,0.6089602857142857165586860269,0.7524932055137844626465896511,0.008603363402161963831411856539,0.0927543174313841,0.8789602857142857221791900888,0.001721999999999972313731791344,0.4449999999999999468133782474,0.2850000000000000527702881238,0.5340000000000000076466610751,0,0.2700000000000000056205040619,0.3150000000000000516600650998,0,7
287,0.6089602857142857165586860269,0.7523788366533864556775953056,0.008612897678935915600070998239,0.09280569852619998,0.8789602857142857221791900888,0.001721999999999972313731791344,0.4449999999999999468133782474,0.2850000000000000527702881238,0.5340000000000000076466610751,0,0.2700000000000000056205040619,0.3150000000000000516600650998,0,7
287,0.6089602857142857165586860269,0.7522646499090081907579146453,0.008622390706896359661441300446,0.09285682908056014,0.8789602857142857221791900888,0.001721999999999972313731791344,0.4449999999999999468133782474,0.2850000000000000527702881238,0.5340000000000000076466610751,0,0.2700000000000000056205040619,0.3150000000000000516600650998,0,7
287,0.6065325000000000022224806316,0.7521487134333446997566931385,0.008632400007538976238277793087,0.09291070986457362,0.8865325000000000080511515106,0.001727499999999972314177615277,0.4399999999999999467092948389,0.2800000000000000526662047152,0.5360000000000000076882944385,0,0.2800000000000000058286708790,0.3100000000000000515559816912,0,7
287,0.6065325000000000022224806316,0.7520329612764024543691460697,0.008642366608671016709864328100,0.09296432976508257,0.8865325000000000080511515106,0.001727499999999972314177615277,0.4399999999999999467092948389,0.2800000000000000526662047152,0.5360000000000000076882944385,0,0.2800000000000000058286708790,0.3100000000000000515559816912,0,7
287,0.6065325000000000022224806316,0.7519173929989787828424211567,0.008652290675790677943025200040,0.09301769012285072,0.8865325000000000080511515106,0.001727499999999972314177615277,0.4399999999999999467092948389,0.2800000000000000526662047152,0.5360000000000000076882944385,0,0.2800000000000000058286708790,0.3100000000000000515559816912,0,7
287,0.6041047142857142878862752369,0.7518000813492063507035670726,0.008662736414501970782786930190,0.09307382239116416,0.8941047142857142939231129330,0.001732999999999972314623439210,0.4349999999999999466052114304,0.2750000000000000525621213066,0.5380000000000000077299278019,0,0.2900000000000000060368376961,0.3050000000000000514518982826,0,7
287,0.6041047142857142878862752369,0.7516829557607341127473281417,0.008673138159896385763618890079,0.0931296846332918,0.8941047142857142939231129330,0.001732999999999972314623439210,0.4349999999999999466052114304,0.2750000000000000525621213066,0.5380000000000000077299278019,0,0.2900000000000000060368376961,0.3050000000000000514518982826,0,7
287,0.6041047142857142878862752369,0.7515660157912610384011624896,0.008683496081672783052514653962,0.09318527824540089,0.8941047142857142939231129330,0.001732999999999972314623439210,0.4349999999999999466052114304,0.2750000000000000525621213066,0.5380000000000000077299278019,0,0.2900000000000000060368376961,0.3050000000000000514518982826,0,7
287,0.6016769285714285735500698417,0.7514473387625834196641465809,0.008694381022042659534174202565,0.0932436647823468,0.9016769285714285797950743549,0.001738499999999972315069263143,0.4299999999999999465011280219,0.2700000000000000524580378980,0.5400000000000000077715611653,0,0.3000000000000000062450045132,0.3000000000000000513478148740,0,7
287,0.6016769285714285735500698417,0.7513288495140144680453854442,0.008705220671108927982834469011,0.0933017720684282,0.9016769285714285797950743549,0.001738499999999972315069263143,0.4299999999999999465011280219,0.2700000000000000524580378980,0.5400000000000000077715611653,0,0.3000000000000000062450045132,0.3000000000000000513478148740,0,7
287,0.6016769285714285735500698417,0.7512105476002258625951915188,0.008716015202768011428458664277,0.0933596015563906,0.9016769285714285797950743549,0.001738499999999972315069263143,0.4299999999999999465011280219,0.2700000000000000524580378980,0.5400000000000000077715611653,0,0.3000000000000000062450045132,0.3000000000000000513478148740,0,7
287,0.5992491428571428592138644464,0.7510905148950575505862015290,0.008727342048786643663914306698,0.09342024431988306,0.9092491428571428656670357767,0.001743999999999972315515087076,0.4249999999999999463970446134,0.2650000000000000523539544894,0.5420000000000000078131945287,0,0.3100000000000000064531713303,0.2950000000000000512437314654,0,7
287,0.5992491428571428592138644464,0.7509706716653512248629400159,0.008738622301553110402151565872,0.09348059853013946,0.9092491428571428656670357767,0.001743999999999972315515087076,0.4249999999999999463970446134,0.2650000000000000523539544894,0.5420000000000000078131945287,0,0.3100000000000000064531713303,0.2950000000000000512437314654,0,7
287,0.5992491428571428592138644464,0.7508510174628210920824596723,0.008749856139157528916546257847,0.09354066569763939,0.9092491428571428656670357767,0.001743999999999972315515087076,0.4249999999999999463970446134,0.2650000000000000523539544894,0.5420000000000000078131945287,0,0.3100000000000000064531713303,0.2950000000000000512437314654,0,7
287,0.5968213571428571448776590517,0.7507296386918833742359625875,0.008761627536312940105477526564,0.09360356583118476,0.9168213571428571515389971991,0.001749499999999972315960911009,0.4199999999999999462929612049,0.2600000000000000522498710808,0.5440000000000000078548278921,0,0.3200000000000000066613381474,0.2900000000000000511396480568,0,7
287,0.5968213571428571448776590517,0.7506084510686164244490662855,0.008773351034519095512247349181,0.09366616803584471,0.9168213571428571515389971991,0.001749499999999972315960911009,0.4199999999999999462929612049,0.2600000000000000522498710808,0.5440000000000000078548278921,0,0.3200000000000000066613381474,0.2900000000000000511396480568,0,7
287,0.5968213571428571448776590517,0.7504874541418455674234396866,0.008785026816055195766511194579,0.09372847388096744,0.9168213571428571515389971991,0.001749499999999972315960911009,0.4199999999999999462929612049,0.2600000000000000522498710808,0.5440000000000000078548278921,0,0.3200000000000000066613381474,0.2900000000000000511396480568,0,7
287,0.5943935714285714305414536566,0.7503647388252470814667714586,0.008797245352409776444012337091,0.09379363172630527,0.9243935714285714374109586211,0.001754999999999972316406734942,0.4149999999999999461888777964,0.2550000000000000521457876722,0.5460000000000000078964612555,0,0.3300000000000000068695049645,0.2850000000000000510355646482,0,7
287,0.5943935714285714305414536566,0.7502422163056895986302236834,0.008809414680577588160095700566,0.0938584821983479,0.9243935714285714374109586211,0.001754999999999972316406734942,0.4149999999999999461888777964,0.2550000000000000521457876722,0.5460000000000000078964612555,0,0.3300000000000000068695049645,0.2850000000000000510355646482,0,7
287,0.5943935714285714305414536566,0.7501198861291769470069200963,0.008821534987021586933741869466,0.09392302692642304,0.9243935714285714374109586211,0.001754999999999972316406734942,0.4149999999999999461888777964,0.2550000000000000521457876722,0.5460000000000000078964612555,0,0.3300000000000000068695049645,0.2850000000000000510355646482,0,7
287,0.5919657857142857162052482617,0.7499958436974789931004089812,0.008834203194267978966849669631,0.09399044203677297,0.9319657857142857232829200433,0.001760499999999972316852558875,0.4099999999999999460847943879,0.2500000000000000520417042636,0.5480000000000000079380946189,0,0.3400000000000000070776717816,0.2800000000000000509314812396,0,7
287,0.5919657857142857162052482617,0.7498719956896551739178892628,0.008846820880752710541981388918,0.09405754026526907,0.9319657857142857232829200433,0.001760499999999972316852558875,0.4099999999999999460847943879,0.2500000000000000520417042636,0.5480000000000000079380946189,0,0.3400000000000000070776717816,0.2800000000000000509314812396,0,7
287,0.5919657857142857162052482617,0.7497483416489540232070727859,0.008859388237116472501608771832,0.09412432330230307,0.9319657857142857232829200433,0.001760499999999972316852558875,0.4099999999999999460847943879,0.2500000000000000520417042636,0.5480000000000000079380946189,0,0.3400000000000000070776717816,0.2800000000000000509314812396,0,7
287,0.5895380000000000018690428666,0.7496229814442208823453059394,0.008872508591613248770088752355,0.09419399445619264,0.9395380000000000091548814653,0.001765999999999972317298382808,0.4049999999999999459807109794,0.2450000000000000519376208550,0.5500000000000000079797279823,0,0.3500000000000000072858385987,0.2750000000000000508273978310,0,7
287,0.5895380000000000018690428666,0.7494978172679548769657310661,0.008885577109634190338400839351,0.09426333916021748,0.9395380000000000091548814653,0.001765999999999972317298382808,0.4049999999999999459807109794,0.2450000000000000519376208550,0.5500000000000000079797279823,0,0.3500000000000000072858385987,0.2750000000000000508273978310,0,7
287,0.5895380000000000018690428666,0.7493728486607142872195617784,0.008898593985991033501556308227,0.09433235916688945,0.9395380000000000091548814653,0.001765999999999972317298382808,0.4049999999999999459807109794,0.2450000000000000519376208550,0.5500000000000000079797279823,0,0.3500000000000000072858385987,0.2750000000000000508273978310,0,7
287,0.5871102142857142875328374714,0.7492461799375487915133270210,0.008912168909778591522297664934,0.09440428438253526,0.9471102142857142950268428872,0.001771499999999972317744206741,0.3999999999999999458766275709,0.2400000000000000518335374464,0.5520000000000000080213613457,0,0.3600000000000000074940054158,0.2700000000000000507233144224,0,7
287,0.5871102142857142875328374714,0.7491197088254958784837010541,0.008925690678430117988452107426,0.0944758735256262,0.9471102142857142950268428872,0.001771499999999972317744206741,0.3999999999999999458766275709,0.2400000000000000518335374464,0.5520000000000000080213613457,0,0.3600000000000000074940054158,0.2700000000000000507233144224,0,7
287,0.5846824285714285731966320766,0.7489915425899120380275147182,0.008939776254635191161851884903,0.09455039002899561,0.9546824285714285808988043095,0.001776999999999972318190030674,0.3949999999999999457725441624,0.2350000000000000517294540378,0.5540000000000000080629947091,0,0.3700000000000000077021722329,0.2650000000000000506192310138,0,7
287,0.5846824285714285731966320766,0.7488635759902091692854345916,0.008953807152542599398010710389,0.09462455892918392,0.9546824285714285808988043095,0.001776999999999972318190030674,0.3949999999999999457725441624,0.2350000000000000517294540378,0.5540000000000000080629947091,0,0.3700000000000000077021722329,0.2650000000000000506192310138,0,7
287,0.5846824285714285731966320766,0.7487358085603112855530697647,0.008967783576148229081569773128,0.09469838212001422,0.9546824285714285808988043095,0.001776999999999972318190030674,0.3949999999999999457725441624,0.2350000000000000517294540378,0.5540000000000000080629947091,0,0.3700000000000000077021722329,0.2650000000000000506192310138,0,7
287,0.5822546428571428588604266813,0.7486063519773383707578188758,0.008982328760869117036133847185,0.0947751484349622,0.9622546428571428667707657313,0.001782499999999972318635854607,0.3899999999999999456684607539,0.2300000000000000516253706292,0.5560000000000000081046280725,0,0.3800000000000000079103390500,0.2600000000000000505151476052,0,7
287,0.5822546428571428588604266813,0.7484770965700965716032754476,0.008996817941411064139853595835,0.09485155740108364,0.9622546428571428667707657313,0.001782499999999972318635854607,0.3899999999999999456684607539,0.2300000000000000516253706292,0.5560000000000000081046280725,0,0.3800000000000000079103390500,0.2600000000000000505151476052,0,7
287,0.5822546428571428588604266813,0.7483480418700088746213322421,0.009011251325925222569542217492,0.09492761097765613,0.9622546428571428667707657313,0.001782499999999972318635854607,0.3899999999999999456684607539,0.2300000000000000516253706292,0.5560000000000000081046280725,0,0.3800000000000000079103390500,0.2600000000000000505151476052,0,7
287,0.579826928571428573095528923,0.7482173040008866245813587717,0.009026258360224174165576219348,0.09500662271770413,0.9698269285714285812140347901,0.001788499999999972318235133484,0.3849999999999999455643773454,0.2250000000000000515212872206,0.5580000000000000081462614359,0,0.3900000000000000081185058671,0.2550000000000000504110641966,0,7
287,0.579826928571428573095528923,0.7480867688261351067119899113,0.009041208062148449504402436318,0.09508526732437812,0.9698269285714285812140347901,0.001788499999999972318235133484,0.3849999999999999455643773454,0.2250000000000000515212872206,0.5580000000000000081462614359,0,0.3900000000000000081185058671,0.2550000000000000504110641966,0,7
287,0.579826928571428573095528923,0.7479564358747371930531080670,0.009056100643995006326301917312,0.09516354682332413,0.9698269285714285812140347901,0.001788499999999972318235133484,0.3849999999999999455643773454,0.2250000000000000515212872206,0.5580000000000000081462614359,0,0.3900000000000000081185058671,0.2550000000000000504110641966,0,7
287,0.5773992857142857159020936867,0.7478244256965944287519075915,0.009071571718061565547273519272,0.09524479890294045,0.9773992857142857242287663709,0.001794999999999972318072069477,0.3799999999999999454602939369,0.2200000000000000514172038120,0.5600000000000000081878947993,0,0.4000000000000000083266726842,0.2500000000000000503069807880,0,7
287,0.5773992857142857159020936867,0.7476926197105292247976540618,0.009086984129419256637500980882,0.09532567403076285,0.9773992857142857242287663709,0.001794999999999972318072069477,0.3799999999999999454602939369,0.2200000000000000514172038120,0.5600000000000000081878947993,0,0.4000000000000000083266726842,0.2500000000000000503069807880,0,7
287,0.574971714285714287280120973,0.7475591414219474512756157828,0.009102980602275582244049019111,0.09540954146350135,0.9849717142857142958149604743,0.001801999999999972318146662586,0.3749999999999999453562105284,0.2150000000000000513131204034,0.5420000000000000078131945285,-0.02000000000000000041633363423,0.4100000000000000085348395013,0.2450000000000000502028973794,0,7
287,0.5806860000000000016847877256,0.7474302818532818547894452592,0.009117421277896038705559913614,0.09548518878808397,0.9906860000000000102196272269,0.001801999999999972318146662586,0.3749999999999999453562105284,0.2150000000000000513131204034,0.4420000000000000022620794054,0.08000000000000000513478148890,0.4100000000000000085348395013,0.2450000000000000502028973794,0,7
287,0.5806860000000000016847877256,0.7473016211419753101497040111,0.009131806574138808929855973989,0.09556048646872205,0.9906860000000000102196272269,0.001801999999999972318146662586,0.3749999999999999453562105284,0.2150000000000000513131204034,0.4420000000000000022620794054,0.08000000000000000513478148890,0.4100000000000000085348395013,0.2450000000000000502028973794,0,7
287,0.5854012857142857160686484527,0.7471767943606124037548843847,0.009144944206076849725504916577,0.0956292016388135,1.005401285714285724811654771,0.001808999999999972318221255695,0.3699999999999999452521271199,0.2100000000000000512090369948,0.4240000000000000018873791346,0.05000000000000000451028103755,0.4200000000000000087430063184,0.2400000000000000500988139708,0,7
288,0.5854012857142857160686484527,0.7470521599163548331172216452,0.009158030539608603442819205732,0.09569759944538109,1.005401285714285724811654771,0.001808999999999972318221255695,0.3699999999999999452521271199,0.2100000000000000512090369948,0.4240000000000000018873791346,0.05000000000000000451028103755,0.4200000000000000087430063184,0.2400000000000000500988139708,0,7
288,0.5901165714285714304525091797,0.7469313473001209736848392646,0.009169911096492387671736404065,0.09575965275883361,1.020116571428571439403682315,0.001815999999999972318295848804,0.3649999999999999451480437114,0.2050000000000000511049535862,0.4060000000000000015126788638,0.02000000000000000388578058620,0.4300000000000000089511731355,0.2350000000000000499947305622,0,7
290,0.5901165714285714304525091797,0.7468107205494505509592759338,0.009181744285163329144953502438,0.09582141871817244,1.020116571428571439403682315,0.001815999999999972318295848804,0.3649999999999999451480437114,0.2050000000000000511049535862,0.4060000000000000015126788638,0.02000000000000000388578058620,0.4300000000000000089511731355,0.2350000000000000499947305622,0,7
290,0.5901165714285714304525091797,0.7466902792357527191987019394,0.009193530281851511507525866541,0.09588289879770798,1.020116571428571439403682315,0.001815999999999972318295848804,0.3649999999999999451480437114,0.2050000000000000511049535862,0.4060000000000000015126788638,0.02000000000000000388578058620,0.4300000000000000089511731355,0.2350000000000000499947305622,0,7
290,0.5919747142857142886253070884,0.7465714500768049170246824349,0.009204825689251979073269017020,0.09594178281255762,1.031974714285714297784647041,0.001822999999999972318370441913,0.3599999999999999450439603029,0.2000000000000000510008701776,0.3880000000000000011379785930,-0.00999999999999999673871986515,0.4400000000000000091593399526,0.2300000000000000498906471536,0,7
291,0.5919747142857142886253070884,0.7464528033110404576015056311,0.009216075615805827590765287836,0.09600039383151418,1.031974714285714297784647041,0.001822999999999972318370441913,0.3599999999999999450439603029,0.2000000000000000510008701776,0.3880000000000000011379785930,-0.00999999999999999673871986515,0.4400000000000000091593399526,0.2300000000000000498906471536,0,7
291,0.5909756428571428595374032614,0.7463335723597721312226221170,0.009227517341759461102321621258,0.09605996742535082,1.040975642857142868904910031,0.001829499999999972318207377906,0.3549999999999999449398768944,0.1950000000000000508967867690,0.3900000000000000011796119564,0,0.4500000000000000093675067697,0.2250000000000000497865637450,0,7
293,0.5909756428571428595374032614,0.7462145241379310359952771218,0.009238913198402795343393822130,0.09611926549034172,1.040975642857142868904910031,0.001829499999999972318207377906,0.3549999999999999449398768944,0.1950000000000000508967867690,0.3900000000000000011796119564,0,0.4500000000000000093675067697,0.2250000000000000497865637450,0,7
293,0.5909756428571428595374032614,0.7460956582257711675600107559,0.009250263356113025578564018147,0.09617828942184939,1.040975642857142868904910031,0.001829499999999972318207377906,0.3549999999999999449398768944,0.1950000000000000508967867690,0.3900000000000000011796119564,0,0.4500000000000000093675067697,0.2250000000000000497865637450,0,7
293,0.5885480000000000023439680251,0.7459751167887200802109548701,0.009262147850179051810716509105,0.09624005325320145,1.048548000000000011919641612,0.001835999999999972318044313899,0.3499999999999999448357934859,0.1900000000000000507927033604,0.3920000000000000012212453198,0,0.4600000000000000095756735868,0.2200000000000000496824803364,0,7
293,0.5885480000000000023439680251,0.7458547596657929241881207823,0.009273985211636523128020371223,0.09630153275850038,1.048548000000000011919641612,0.001835999999999972318044313899,0.3499999999999999448357934859,0.1900000000000000507927033604,0.3920000000000000012212453198,0,0.4600000000000000095756735868,0.2200000000000000496824803364,0,7
293,0.5885480000000000023439680251,0.7457345864345738310469105815,0.009285775614801776929440052460,0.09636272938642708,1.048548000000000011919641612,0.001835999999999972318044313899,0.3499999999999999448357934859,0.1900000000000000507927033604,0.3920000000000000012212453198,0,0.4600000000000000095756735868,0.2200000000000000496824803364,0,7
293,0.5861203571428571451505327891,0.7456127435114503831950812855,0.009298105420675629486084940206,0.09642668417339481,1.056120357142857154934373193,0.001842499999999972317881249892,0.3449999999999999447317100774,0.1850000000000000506886199518,0.3940000000000000012628786832,0,0.4700000000000000097838404039,0.2150000000000000495783969278,0,7
294,0.5861203571428571451505327891,0.7454910864661654150501197687,0.009310386827193072324337949481,0.0964903457719635,1.056120357142857154934373193,0.001842499999999972317881249892,0.3449999999999999447317100774,0.1850000000000000506886199518,0.3940000000000000012628786832,0,0.4700000000000000097838404039,0.2150000000000000495783969278,0,7
294,0.5861203571428571451505327891,0.7453696148736933813078182543,0.009322620012605137288059925206,0.09655371568513113,1.056120357142857154934373193,0.001842499999999972317881249892,0.3449999999999999447317100774,0.1850000000000000506886199518,0.3940000000000000012628786832,0,0.4700000000000000097838404039,0.2150000000000000495783969278,0,7
294,0.5836927142857142879570975529,0.7452464793820041359968123741,0.009335397620376791562763199695,0.09661986141770641,1.063692714285714297949104774,0.001848999999999972317718185885,0.3399999999999999446276266689,0.1800000000000000505845365432,0.3960000000000000013045120466,0,0.4800000000000000099920072210,0.2100000000000000494743135192,0,7
297,0.5836927142857142879570975529,0.7451235313111546003438141132,0.009348125558782517893253709406,0.09668570503845186,1.063692714285714297949104774,0.001848999999999972317718185885,0.3399999999999999446276266689,0.1800000000000000505845365432,0.3960000000000000013045120466,0,0.4800000000000000099920072210,0.2100000000000000494743135192,0,7
297,0.5836927142857142879570975529,0.7450007702335687141746987394,0.009360804010002969312141754129,0.09675124810565995,1.063692714285714297949104774,0.001848999999999972317718185885,0.3399999999999999446276266689,0.1800000000000000505845365432,0.3960000000000000013045120466,0,0.4800000000000000099920072210,0.2100000000000000494743135192,0,7
297,0.5812650714285714307636623169,0.7448763510095527587921675567,0.009374031857112485321513427477,0.0968195840577333,1.071265071428571440963836355,0.001855499999999972317555121878,0.3349999999999999445235432604,0.1750000000000000504804531346,0.3980000000000000013461454100,0,0.4900000000000000102001740381,0.2050000000000000493702301106,0,7
297,0.5812650714285714307636623169,0.7447521207289293864853881298,0.009387208761768389032536917768,0.0968876089175927,1.071265071428571440963836355,0.001855499999999972317555121878,0.3349999999999999445235432604,0.1750000000000000504804531346,0.3980000000000000013461454100,0,0.4900000000000000102001740381,0.2050000000000000493702301106,0,7
297,0.5812650714285714307636623169,0.7446280789616301771107889448,0.009400334910075276604368062269,0.0969553242997788,1.071265071428571440963836355,0.001855499999999972317555121878,0.3349999999999999445235432604,0.1750000000000000504804531346,0.3980000000000000013461454100,0,0.4900000000000000102001740381,0.2050000000000000493702301106,0,7
297,0.5788374285714285735702270807,0.7445023847611827156979454559,0.009414015382250619957396455747,0.09702584904163745,1.078837428571428583978567936,0.001861999999999972317392057871,0.3299999999999999444194598519,0.1700000000000000503763697260,0.4000000000000000013877787734,0,0.5000000000000000104083408552,0.2000000000000000492661467020,0,7
297,0.5788374285714285735702270807,0.7443768810064935080145153662,0.009427643635985658219439282909,0.09709605365814647,1.078837428571428583978567936,0.001861999999999972317392057871,0.3299999999999999444194598519,0.1700000000000000503763697260,0.4000000000000000013877787734,0,0.5000000000000000104083408552,0.2000000000000000492661467020,0,7
297,0.5788374285714285735702270807,0.7442515672650589395554356628,0.009441219861302668003255951643,0.09716593982102303,1.078837428571428583978567936,0.001861999999999972317392057871,0.3299999999999999444194598519,0.1700000000000000503763697260,0.4000000000000000013877787734,0,0.5000000000000000104083408552,0.2000000000000000492661467020,0,7
297,0.5764097857142857163767918443,0.7441246067646423183578723921,0.009455355293480164576610059191,0.0972386512323169,1.086409785714285726993299517,0.001868499999999972317228993864,0.3249999999999999443153764434,0.1650000000000000502722863174,0.4020000000000000014294121368,0,0.5100000000000000106165076723,0.1950000000000000491620632934,0,7
297,0.5764097857142857163767918443,0.7439978381924198265952260727,0.009469437228506569465426781444,0.09731103343663847,1.086409785714285726993299517,0.001868499999999972317228993864,0.3249999999999999443153764434,0.1650000000000000502722863174,0.4020000000000000014294121368,0,0.5100000000000000106165076723,0.1950000000000000491620632934,0,7
297,0.5764097857142857163767918443,0.7438712611135088491705897931,0.009483465860315012097630325914,0.09738308816378238,1.086409785714285726993299517,0.001868499999999972317228993864,0.3249999999999999443153764434,0.1650000000000000502722863174,0.4020000000000000014294121368,0,0.5100000000000000106165076723,0.1950000000000000491620632934,0,7
297,0.5739821428571428591833566084,0.7437430429110512144611654662,0.009498058537542784210629750023,0.0974579834469336,1.093982142857142870008031098,0.001874999999999972317065929857,0.3199999999999999442112930349,0.1600000000000000501682029088,0.4040000000000000014710455002,0,0.5200000000000000108246744894,0.1900000000000000490579798848,0,7
299,0.5739821428571428591833566084,0.7436150180995475128357674203,0.009512596436355350151408788982,0.09753254039732252,1.093982142857142870008031098,0.001874999999999972317065929857,0.3199999999999999442112930349,0.1600000000000000501682029088,0.4040000000000000014710455002,0,0.5200000000000000108246744894,0.1900000000000000490579798848,0,7
299,0.5739821428571428591833566084,0.7434871862417913676559238552,0.009527079754589318669067871454,0.09760676080369289,1.093982142857142870008031098,0.001874999999999972317065929857,0.3199999999999999442112930349,0.1600000000000000501682029088,0.4040000000000000014710455002,0,0.5200000000000000108246744894,0.1900000000000000490579798848,0,7
299,0.5739821428571428591833566084,0.7433595469018932889597848739,0.009541508689262774482757454413,0.09768064644167121,1.093982142857142870008031098,0.001874999999999972317065929857,0.3199999999999999442112930349,0.1600000000000000501682029088,0.4040000000000000014710455002,0,0.5200000000000000108246744894,0.1900000000000000490579798848,0,7
299,0.5739821428571428591833566084,0.7432320996452757190351976442,0.009555883436579194396860202701,0.09775419907389755,1.093982142857142870008031098,0.001874999999999972317065929857,0.3199999999999999442112930349,0.1600000000000000501682029088,0.4040000000000000014710455002,0,0.5200000000000000108246744894,0.1900000000000000490579798848,0,7
299,0.5739821428571428591833566084,0.7431048440386681003435797186,0.009570204191931341979420712346,0.09782742045015468,1.093982142857142870008031098,0.001874999999999972317065929857,0.3199999999999999442112930349,0.1600000000000000501682029088,0.4040000000000000014710455002,0,0.5200000000000000108246744894,0.1900000000000000490579798848,0,7
299,0,0.7425465383707201904259662101,0.009977270425931648583547697062,0.09988628747696877,0.5200000000000000108246744894,-0.04812500000000003045849163171,0.3949999999999999414357354733,0.3500000000000000610622663380,0.4040000000000000014710455002,-0.05000000000000000277555756156,0.5200000000000000108246744894,0.1000000000000000437150315788,0,7
299,0,0.7419890709995710010938145838,0.01038310414294131432485154948,0.10189751784484896,0.5200000000000000108246744894,-0.04812500000000003045849163171,0.3949999999999999414357354733,0.3500000000000000610622663380,0.4040000000000000014710455002,-0.05000000000000000277555756156,0.5200000000000000108246744894,0.1000000000000000437150315788,0,7
299,0,0.7414324400385810753615611595,0.01078770951353292933412606508,0.10386389899061622,0.5200000000000000108246744894,-0.04812500000000003045849163171,0.3949999999999999414357354733,0.3500000000000000610622663380,0.4040000000000000014710455002,-0.05000000000000000277555756156,0.5200000000000000108246744894,0.1000000000000000437150315788,0,7
299,0,0.7408766436067680460696859262,0.01119109069159027346166549379,0.10578795154265098,0.5200000000000000108246744894,-0.04812500000000003045849163171,0.3949999999999999414357354733,0.3500000000000000610622663380,0.4040000000000000014710455002,-0.05000000000000000277555756156,0.5200000000000000108246744894,0.1000000000000000437150315788,0,7
299,0,0.7403216798287854482823678094,0.01159325181438647154213857261,0.10767196391998463,0.5300000000000000110328413065,0,0.3899999999999999413316520648,0.3450000000000000609581829294,0.4060000000000000015126788636,0,0.5300000000000000110328413065,0.09500000000000004361094817024,0,7
299,0,0.7397675468349016268390426838,0.01199419700266172745563496096,0.10951802136023883,0.5300000000000000110328413065,0,0.3899999999999999413316520648,0.3450000000000000609581829294,0.4060000000000000015126788636,0,0.5300000000000000110328413065,0.09500000000000004361094817024,0,7
299,0,0.7392142427609787385616761598,0.01239393036070063955730393995,0.11132803043573815,0.5400000000000000112410081236,0,0.3849999999999999412275686563,0.3400000000000000608540995208,0.4080000000000000015543122270,0,0.5400000000000000112410081236,0.09000000000000004350686476168,0,7
299,0,0.7386617657484518486225418727,0.01279245597640910003043170933,0.11310373988692461,0.5400000000000000112410081236,0,0.3849999999999999412275686563,0.3400000000000000608540995208,0.4080000000000000015543122270,0,0.5400000000000000112410081236,0.09000000000000004350686476168,0,7
299,0,0.7381101139443081205802546869,0.01318977792139078070036293034,0.11484675842787545,0.5500000000000000114491749407,0,0.3799999999999999411234852478,0.3350000000000000607500161122,0.4100000000000000015959455904,0,0.5500000000000000114491749407,0.08500000000000004340278135312,0,7
299,0,0.7375592855010660995947470342,0.01358590025102320782936321775,0.11655857004537765,0.5500000000000000114491749407,0,0.3799999999999999411234852478,0.3350000000000000607500161122,0.4100000000000000015959455904,0,0.5500000000000000114491749407,0.08500000000000004340278135312,0,7
299,0,0.7370092785767550883347956941,0.01398082700453342839534098897,0.11824054721005578,0.5600000000000000116573417578,0,0.3749999999999999410194018393,0.3300000000000000606459327036,0.4120000000000000016375789538,0,0.5600000000000000116573417578,0.08000000000000004329869794456,0,7
299,0,0.7364600913348946150946058314,0.01437456220507327034029835125,0.1198939623378645,0.5600000000000000116573417578,0,0.3749999999999999410194018393,0.3300000000000000606459327036,0.4120000000000000016375789538,0,0.5600000000000000116573417578,0.08000000000000004329869794456,0,7
299,0,0.7359117219444739936388391852,0.01476710985979419925746047722,0.12151999777729672,0.5700000000000000118655085749,0,0.3699999999999999409153184308,0.3250000000000000605418492950,0.4140000000000000016792123172,0,0.5700000000000000118655085749,0.07500000000000004319461453600,0,7
299,0,0.7353641685799319742983340965,0.01515847395992177396924012327,0.12311975454784571,0.5700000000000000118655085749,0,0.3699999999999999409153184308,0.3250000000000000605418492950,0.4140000000000000016792123172,0,0.5700000000000000118655085749,0.07500000000000004319461453600,0,7
299,0,0.7348174294211364858416067106,0.01554865848082970343152753182,0.1246942600155665,0.5700000000000000118655085749,0,0.3699999999999999409153184308,0.3250000000000000605418492950,0.4140000000000000016792123172,0,0.5700000000000000118655085749,0.07500000000000004319461453600,0,7
299,0,0.7342715026533644676500453386,0.01593766738211350738325488397,0.1262444746597391,0.5800000000000000120736753920,0,0.3649999999999999408112350223,0.3200000000000000604377658864,0.4160000000000000017208456806,0,0.5800000000000000120736753920,0.07000000000000004309053112744,0,7
299,0,0.7337263864672817917275137534,0.01632550460766378314376770068,0.12777129805892942,0.5800000000000000120736753920,0,0.3649999999999999408112350223,0.3200000000000000604377658864,0.4160000000000000017208456806,0,0.5800000000000000120736753920,0.07000000000000004309053112744,0,7
299,0,0.7331820790589232740778642625,0.01671217408573908094424210343,0.1292755742038653,0.5900000000000000122818422091,0,0.3599999999999999407071516138,0.3150000000000000603336824778,0.4180000000000000017624790440,0,0.5900000000000000122818422091,0.06500000000000004298644771888,0,7
